   1.84107274883992      -0.216715825389497       5.421010862427522E-020
 -1.460657422664412E-019  6.505213034913027E-019 -2.032879073410321E-020
 -3.231886114724848E-021 -4.743384504624082E-020 -2.818925648462312E-018
  2.476111067389846E-019 -1.301042606982605E-018  4.797594613248357E-018
  2.791820594150174E-018 -3.079134169858833E-017  7.632858098716414E-018
 -1.257674520083185E-017  5.117434254131581E-017  3.035766082959412E-017
  1.358468399825241E-002 -5.421010862427522E-020 -1.911069680618047E-020
 -2.710505431213761E-020 -6.776263578034403E-021 -1.002344503580661E-020
  6.776263578034403E-021 -5.692061405548898E-019  7.929436059571036E-020
 -3.117081245895825E-019  1.009663273127126E-018  5.285485590866834E-019
  1.165517335421917E-018  1.303303903220332E-019  1.897353801849633E-019
 -1.998997755520149E-018 -5.963111948670274E-019   1.81796746914668     
 -4.084566892665876E-015  9.313460582873922E-016 -0.137665822040783     
  1.537788699711563E-016 -3.478357933951734E-017 -1.687467161870718E-016
 -3.414741715993716E-017 -7.327758489159304E-017  2.237652134941289E-016
 -5.379706883148903E-002  1.610320638741529E-015  3.164043585808664E-016
  6.990973260691010E-016 -2.132049564280039E-015  0.504764204046632     
   1.81796746914668      -2.057815723377487E-015  1.542819691446873E-016
 -0.137665822040783       7.892991815694472E-017  4.255239417121429E-017
 -1.650826988409380E-017 -5.379706883148910E-002 -8.724947576487646E-017
 -5.247538514829841E-017 -3.868433351428280E-016  1.547154664108137E-016
  0.504764204046633       7.997075224253081E-016  4.668574554722582E-016
   1.81796746914668      -3.432880899337067E-017  7.882094705259958E-017
 -0.137665822040783       1.627252892380232E-016 -5.379706883148915E-002
  1.763353615172016E-016 -2.076938989975874E-016 -7.806953075853475E-017
 -1.500891990913198E-015  0.504764204046634      -1.628213789793474E-015
  1.915215778934730E-015  7.242086648445434E-016  4.229067784183944E-003
 -9.459200883569602E-018  2.007253623690124E-018  2.246142963484448E-017
  4.437270491173372E-018  9.850099770292553E-018 -2.976324269926928E-017
  7.067201036198604E-003 -6.445456082123909E-017 -1.217056975055942E-017
 -2.884163796247431E-017  8.544620506977089E-017 -1.987969117432837E-002
  4.229067784183943E-003 -4.858580985450667E-018 -5.584488221247602E-018
  2.148766448541211E-018  7.067201036198614E-003  1.146374390813970E-017
  6.734758963618942E-018  1.574464842356293E-017 -5.859674193664188E-018
 -1.987969117432839E-002 -3.230244847649000E-017 -1.831624045142699E-017
  4.229067784183941E-003 -2.109499791764800E-017  7.067201036198619E-003
 -2.283074171090696E-017  2.677856208367118E-017  1.008957801953963E-017
  5.800908438433114E-017 -1.987969117432840E-002  6.264415119018567E-017
 -7.295745268878811E-017 -2.749017267771777E-017   2.01182971243374     
 -1.202208304319558E-014 -3.404514481500838E-015  4.205039714285194E-015
  1.298815224316359E-014 -7.196269449504131E-002  3.007682652398075E-016
  8.290959510736784E-017 -7.351168358540929E-017 -3.252421828523531E-016
   2.01554992057087      -9.464246403180672E-015  1.574083677530029E-014
  7.216991761149760E-015  3.008186690196812E-016 -0.101201022992245     
  2.369083390834498E-016 -3.903127820947816E-016 -1.809872239057209E-016
   2.01554992057087       1.049203231329058E-014  1.402285615712292E-014
  8.289249957455488E-017  2.368665785255094E-016 -0.101201022992245     
 -2.335982517241583E-016 -3.515366460271663E-016   2.01182971243374     
 -2.199147854341651E-014 -7.331263188140206E-017 -3.903874173912927E-016
 -2.335351795224175E-016 -7.196269449504110E-002  5.167813302668016E-016
   2.01554992057087      -3.255089368128735E-016 -1.809645145342973E-016
 -3.515724637000600E-016  5.167617054171930E-016 -0.101201022992244     
  3.839444141238112E-002 -4.950286434042054E-016 -1.311290551346885E-016
  7.297759173634989E-017  5.391040921874680E-016  8.385137361903272E-002
 -3.886932550996314E-016  6.329572282970375E-016  2.966444906556120E-016
  8.385137361903261E-002  3.546294134612894E-016  5.878993953800716E-016
  3.839444141238104E-002 -8.140201696044570E-016  8.385137361903243E-002
   1.84107274883992      -0.216715825389497      -5.421010862427522E-020
  1.460653916777566E-019 -6.505213034913027E-019  6.776263578034403E-021
  3.231896339031774E-021  2.032879073410321E-020 -3.442341897641477E-018
  2.476112231775681E-019 -1.138412281109780E-018  4.336808689942018E-018
  2.791820594150174E-018 -3.339342691255354E-017  9.367581532901142E-018
 -1.344410693882025E-017  4.380176776841438E-017  2.818925648462312E-017
  1.358468399825241E-002  5.759824041329242E-020  1.911071969121536E-020
  2.710505431213761E-020 -5.082197683525802E-021  6.635313156278045E-021
  6.776263578034403E-021 -6.234162491791650E-019  1.267279891183332E-019
 -3.117081245895825E-019  9.147955830346444E-019  4.878909776184770E-019
  1.133330083426254E-018 -5.194860329006116E-021  2.981555974335137E-019
 -2.012550282676218E-018 -7.047314121155779E-019   1.81796746914668     
 -4.085867927257112E-015  9.261418925325675E-016 -0.137665822040783     
  1.536704498374027E-016 -3.489199979515033E-017  1.687263873209945E-016
  3.417452238616453E-017  7.348087263109459E-017 -2.237686015700966E-016
  5.379706883148905E-002 -1.609019596090524E-015 -3.155369972890605E-016
 -6.999646865454307E-016  2.131615883428928E-015 -0.504764204046632     
   1.81796746914668      -2.066272500322874E-015  1.541735489274387E-016
 -0.137665822040783       7.871307772244762E-017 -4.255535878652968E-017
  1.638629718449048E-017  5.379706883148912E-002  8.722829994119510E-017
  5.233985987673773E-017  3.874938564463193E-016 -1.547154667351952E-016
 -0.504764204046633      -8.010085650322907E-016 -4.659900937342698E-016
   1.81796746914668      -3.465406938209870E-017  7.833305617377023E-017
 -0.137665822040783      -1.627117367663736E-016  5.379706883148912E-002
 -1.763218091308949E-016  2.076972871741716E-016  7.798821549214234E-017
  1.501759352691325E-015 -0.504764204046633       1.628647471668600E-015
 -1.913697895903711E-015 -7.220402598148657E-016  4.229067784183944E-003
 -9.452424649696213E-018  2.020806161576818E-018 -2.245973557913391E-017
 -4.435576782341255E-018 -9.849251352700997E-018  2.976112515761475E-017
 -7.067201036198606E-003  6.449013626345213E-017  1.217056945211424E-017
  2.884502597043902E-017 -8.545213432673347E-017  1.987969117432836E-002
  4.229067784183945E-003 -4.811147140404426E-018  5.586182287142111E-018
 -2.146225326123687E-018 -7.067201036198616E-003 -1.145357951277265E-017
 -6.734758963618942E-018 -1.576497721429704E-017  5.900331748903749E-018
  1.987969117432838E-002  3.229567221291196E-017  1.834334550573913E-017
  4.229067784183946E-003  2.109499790457822E-017 -7.067201036198617E-003
  2.282735464189702E-017 -2.678787940700297E-017 -1.008618998696018E-017
 -5.802771906324639E-017  1.987969117432840E-002 -6.266786819953914E-017
  7.294051200988661E-017  2.749017274076806E-017   2.01182971243374     
 -1.202206948841504E-014 -3.404490764519457E-015  4.205039714207862E-015
  1.298815563154374E-014 -7.196269449504125E-002  3.007225197496648E-016
  8.286893822820379E-017 -7.307800231718800E-017 -3.253031695114686E-016
   2.01554992057087      -9.464249791312461E-015  1.574082322277313E-014
  7.216996843347444E-015  3.008389978104153E-016 -0.101201022992245     
  2.368846221609267E-016 -3.902856770404695E-016 -1.809872239057209E-016
   2.01554992057087       1.049202214887834E-014  1.402286293421490E-014
  8.286539437788379E-017  2.368259159740071E-016 -0.101201022992245     
 -2.335440412177671E-016 -3.515298717599501E-016   2.01182971243374     
 -2.199148362596899E-014 -7.396315321094207E-017 -3.903281169169486E-016
 -2.335826143707554E-016 -7.196269449504114E-002  5.167948832038336E-016
   2.01554992057087      -3.254547266413986E-016 -1.809645124207890E-016
 -3.515589116437210E-016  5.167583169813141E-016 -0.101201022992244     
  3.839444141238112E-002 -4.950828534017435E-016 -1.314001087106184E-016
  7.145970863045994E-017  5.381283075466217E-016  8.385137361903268E-002
 -3.886932550996314E-016  6.331740687315346E-016  2.966444906556120E-016
  8.385137361903258E-002  3.541957329125801E-016  5.878993932816529E-016
  3.839444141238105E-002 -8.139117455506238E-016  8.385137361903237E-002
