Dynamical matrix file
BETA-TIN PHONONS                                                           
  1    2  0 10.5638179  1.0000000  0.4746934  0.0000000  0.0000000  0.0000000
Basis vectors
     -0.670351232    0.670351232    0.318211331
      0.670351232   -0.670351232    0.318211331
      0.670351232    0.670351232   -0.318211331
           1  'Ge  '    66207.3097484883     
    1    1     -0.0000000000      1.0055268480      0.0795528329
    2    1      0.6703512320     -0.3351756160      0.2386584986

     Dynamical  Matrix in cartesian axes

     q = (   -0.372938824   0.000000000  -0.785641413 ) 

    1    1
  0.00067146  0.00000000    0.00000000  0.00000000   -0.02350204  0.00000000
  0.00000000  0.00000000   -0.00311763  0.00000000   -0.00000000  0.00000000
 -0.02350204  0.00000000   -0.00000000  0.00000000    0.19798660  0.00000000
    1    2
  0.02212048 -0.00000000    0.00000000  0.00000000   -0.02033022  0.00000000
  0.00000000  0.00000000    0.00146008 -0.00000000    0.00000000  0.00000000
 -0.02033022  0.00000000    0.00000000  0.00000000    0.03728406 -0.00000000
    2    1
  0.02212048  0.00000000    0.00000000 -0.00000000   -0.02033022 -0.00000000
  0.00000000 -0.00000000    0.00146008  0.00000000   -0.00000000  0.00000000
 -0.02033022 -0.00000000    0.00000000  0.00000000    0.03728406  0.00000000
    2    2
  0.00067146  0.00000000    0.00000000  0.00000000   -0.02350204  0.00000000
  0.00000000  0.00000000   -0.00311763  0.00000000   -0.00000000  0.00000000
 -0.02350204  0.00000000   -0.00000000  0.00000000    0.19798660  0.00000000

     Dynamical  Matrix in cartesian axes

     q = (    0.372938824   0.000000000  -0.785641413 ) 

    1    1
  0.00067146  0.00000000   -0.00000000  0.00000000    0.02350204  0.00000000
 -0.00000000  0.00000000   -0.00311763  0.00000000    0.00000000  0.00000000
  0.02350204  0.00000000   -0.00000000  0.00000000    0.19798660  0.00000000
    1    2
 -0.02212048  0.00000000    0.00000000 -0.00000000   -0.02033022  0.00000000
  0.00000000  0.00000000   -0.00146008  0.00000000    0.00000000  0.00000000
 -0.02033022  0.00000000    0.00000000 -0.00000000   -0.03728406  0.00000000
    2    1
 -0.02212048 -0.00000000    0.00000000  0.00000000   -0.02033022 -0.00000000
  0.00000000 -0.00000000   -0.00146008 -0.00000000    0.00000000  0.00000000
 -0.02033022 -0.00000000    0.00000000  0.00000000   -0.03728406 -0.00000000
    2    2
  0.00067146  0.00000000   -0.00000000  0.00000000    0.02350204  0.00000000
 -0.00000000  0.00000000   -0.00311763  0.00000000    0.00000000  0.00000000
  0.02350204  0.00000000   -0.00000000  0.00000000    0.19798660  0.00000000

     Dynamical  Matrix in cartesian axes

     q = (    0.000000000   0.372938824  -0.785641413 ) 

    1    1
 -0.00311763  0.00000000   -0.00000000  0.00000000    0.00000000  0.00000000
 -0.00000000  0.00000000    0.00067146  0.00000000    0.02350204  0.00000000
 -0.00000000  0.00000000    0.02350204  0.00000000    0.19798660  0.00000000
    1    2
  0.00146008  0.00000000    0.00000000 -0.00000000    0.00000000  0.00000000
  0.00000000 -0.00000000    0.02212048  0.00000000    0.02033022  0.00000000
 -0.00000000  0.00000000    0.02033022  0.00000000    0.03728406  0.00000000
    2    1
  0.00146008 -0.00000000    0.00000000  0.00000000   -0.00000000  0.00000000
 -0.00000000  0.00000000    0.02212048 -0.00000000    0.02033022 -0.00000000
 -0.00000000  0.00000000    0.02033022 -0.00000000    0.03728406 -0.00000000
    2    2
 -0.00311763  0.00000000   -0.00000000  0.00000000    0.00000000  0.00000000
 -0.00000000  0.00000000    0.00067146  0.00000000    0.02350204  0.00000000
 -0.00000000  0.00000000    0.02350204  0.00000000    0.19798660  0.00000000

     Dynamical  Matrix in cartesian axes

     q = (    0.000000000  -0.372938824  -0.785641413 ) 

    1    1
 -0.00311763  0.00000000    0.00000000  0.00000000   -0.00000000  0.00000000
  0.00000000  0.00000000    0.00067146  0.00000000   -0.02350204  0.00000000
 -0.00000000  0.00000000   -0.02350204  0.00000000    0.19798660  0.00000000
    1    2
  0.00146008 -0.00000000    0.00000000 -0.00000000    0.00000000  0.00000000
  0.00000000 -0.00000000    0.02212048 -0.00000000   -0.02033022  0.00000000
  0.00000000  0.00000000   -0.02033022  0.00000000    0.03728406 -0.00000000
    2    1
  0.00146008  0.00000000    0.00000000  0.00000000    0.00000000  0.00000000
  0.00000000  0.00000000    0.02212048  0.00000000   -0.02033022 -0.00000000
  0.00000000  0.00000000   -0.02033022 -0.00000000    0.03728406  0.00000000
    2    2
 -0.00311763  0.00000000    0.00000000  0.00000000   -0.00000000  0.00000000
  0.00000000  0.00000000    0.00067146  0.00000000   -0.02350204  0.00000000
 -0.00000000  0.00000000   -0.02350204  0.00000000    0.19798660  0.00000000

     Diagonalizing the dynamical matrix

     q = (   -0.372938824   0.000000000  -0.785641413 ) 

 **************************************************************************
     freq (    1) =      -1.874926 [THz] =     -62.540789 [cm-1]
 ( -0.707000  0.000000 -0.000000  0.000000 -0.012307  0.000000 ) 
 (  0.707000  0.000000  0.000000  0.000000  0.012307  0.000000 ) 
     freq (    2) =      -0.865060 [THz] =     -28.855291 [cm-1]
 (  0.000000  0.000000 -0.707107  0.000000  0.000000  0.000000 ) 
 ( -0.000000  0.000000  0.707107  0.000000  0.000000  0.000000 ) 
     freq (    3) =      -0.520542 [THz] =     -17.363428 [cm-1]
 (  0.000000  0.000000  0.707107  0.000000 -0.000000  0.000000 ) 
 ( -0.000000  0.000000  0.707107  0.000000  0.000000  0.000000 ) 
     freq (    4) =       1.518475 [THz] =      50.650864 [cm-1]
 ( -0.693616  0.000000 -0.000000  0.000000 -0.137466  0.000000 ) 
 ( -0.693616  0.000000  0.000000  0.000000 -0.137466  0.000000 ) 
     freq (    5) =       5.126347 [THz] =     170.996543 [cm-1]
 ( -0.012307  0.000000  0.000000  0.000000  0.707000  0.000000 ) 
 (  0.012307  0.000000  0.000000  0.000000 -0.707000  0.000000 ) 
     freq (    6) =       6.315086 [THz] =     210.648607 [cm-1]
 ( -0.137466  0.000000  0.000000  0.000000  0.693616  0.000000 ) 
 ( -0.137466  0.000000  0.000000  0.000000  0.693616  0.000000 ) 
 **************************************************************************
