Dynamical matrix file
BETA-TIN PHONONS                                                           
  1    2  0 10.5638179  1.0000000  0.4746934  0.0000000  0.0000000  0.0000000
Basis vectors
     -0.670351232    0.670351232    0.318211331
      0.670351232   -0.670351232    0.318211331
      0.670351232    0.670351232   -0.318211331
           1  'Ge  '    66207.3097484883     
    1    1     -0.0000000000      1.0055268480      0.0795528329
    2    1      0.6703512320     -0.3351756160      0.2386584986

     Dynamical  Matrix in cartesian axes

     q = (   -0.621564706  -0.124312941  -0.000000000 ) 

    1    1
  0.23878898 -0.00000000    0.00094833 -0.00000000   -0.00000000  0.11006017
  0.00094833  0.00000000    0.23878898 -0.00000000    0.00000000  0.11006017
  0.00000000 -0.11006017    0.00000000 -0.11006017    0.15731860  0.00000000
    1    2
  0.00000000 -0.10314601    0.00000000 -0.00000000   -0.11462268 -0.00000000
  0.00000000  0.00000000   -0.00000000  0.10314601    0.11462268  0.00000000
 -0.11462268 -0.00000000    0.11462268  0.00000000    0.00000000  0.00000000
    2    1
  0.00000000  0.10314601    0.00000000  0.00000000   -0.11462268  0.00000000
 -0.00000000 -0.00000000   -0.00000000 -0.10314601    0.11462268 -0.00000000
 -0.11462268  0.00000000    0.11462268 -0.00000000    0.00000000  0.00000000
    2    2
  0.23878898  0.00000000    0.00094833  0.00000000   -0.00000000 -0.11006017
  0.00094833 -0.00000000    0.23878898  0.00000000    0.00000000 -0.11006017
  0.00000000  0.11006017    0.00000000  0.11006017    0.15731860  0.00000000

     Dynamical  Matrix in cartesian axes

     q = (    0.621564706   0.124312941  -0.000000000 ) 

    1    1
  0.23878898  0.00000000    0.00094833 -0.00000000   -0.00000000 -0.11006017
  0.00094833  0.00000000    0.23878898  0.00000000    0.00000000 -0.11006017
  0.00000000  0.11006017    0.00000000  0.11006017    0.15731860  0.00000000
    1    2
  0.00000000  0.10314601    0.00000000  0.00000000   -0.11462268  0.00000000
 -0.00000000  0.00000000   -0.00000000 -0.10314601    0.11462268 -0.00000000
 -0.11462268  0.00000000    0.11462268 -0.00000000    0.00000000 -0.00000000
    2    1
  0.00000000 -0.10314601    0.00000000 -0.00000000   -0.11462268 -0.00000000
 -0.00000000  0.00000000   -0.00000000  0.10314601    0.11462268  0.00000000
 -0.11462268 -0.00000000    0.11462268  0.00000000    0.00000000 -0.00000000
    2    2
  0.23878898 -0.00000000    0.00094833  0.00000000   -0.00000000  0.11006017
  0.00094833 -0.00000000    0.23878898 -0.00000000    0.00000000  0.11006017
  0.00000000 -0.11006017    0.00000000 -0.11006017    0.15731860  0.00000000

     Dynamical  Matrix in cartesian axes

     q = (   -0.124312941   0.621564706  -0.000000000 ) 

    1    1
  0.23878898 -0.00000000   -0.00094833 -0.00000000   -0.00000000 -0.11006017
 -0.00094833  0.00000000    0.23878898  0.00000000   -0.00000000  0.11006017
 -0.00000000  0.11006017   -0.00000000 -0.11006017    0.15731860 -0.00000000
    1    2
  0.08932706 -0.05157300   -0.00000000  0.00000000    0.05731134  0.09926616
  0.00000000  0.00000000   -0.08932706  0.05157300    0.05731134  0.09926616
  0.05731134  0.09926616    0.05731134  0.09926616   -0.00000000  0.00000000
    2    1
  0.08932706  0.05157300    0.00000000 -0.00000000    0.05731134 -0.09926616
  0.00000000  0.00000000   -0.08932706 -0.05157300    0.05731134 -0.09926616
  0.05731134 -0.09926616    0.05731134 -0.09926616    0.00000000 -0.00000000
    2    2
  0.23878898  0.00000000   -0.00094833  0.00000000   -0.00000000  0.11006017
 -0.00094833 -0.00000000    0.23878898 -0.00000000   -0.00000000 -0.11006017
 -0.00000000 -0.11006017   -0.00000000  0.11006017    0.15731860  0.00000000

     Dynamical  Matrix in cartesian axes

     q = (   -0.621564706   0.124312941  -0.000000000 ) 

    1    1
  0.23878898  0.00000000   -0.00094833  0.00000000   -0.00000000  0.11006017
 -0.00094833 -0.00000000    0.23878898 -0.00000000   -0.00000000 -0.11006017
 -0.00000000 -0.11006017   -0.00000000  0.11006017    0.15731860  0.00000000
    1    2
  0.08932706  0.05157300   -0.00000000 -0.00000000    0.05731134 -0.09926616
  0.00000000  0.00000000   -0.08932706 -0.05157300    0.05731134 -0.09926616
  0.05731134 -0.09926616    0.05731134 -0.09926616   -0.00000000  0.00000000
    2    1
  0.08932706 -0.05157300   -0.00000000  0.00000000    0.05731134  0.09926616
  0.00000000  0.00000000   -0.08932706  0.05157300    0.05731134  0.09926616
  0.05731134  0.09926616    0.05731134  0.09926616   -0.00000000 -0.00000000
    2    2
  0.23878898 -0.00000000   -0.00094833 -0.00000000   -0.00000000 -0.11006017
 -0.00094833  0.00000000    0.23878898  0.00000000   -0.00000000  0.11006017
 -0.00000000  0.11006017   -0.00000000 -0.11006017    0.15731860 -0.00000000

     Diagonalizing the dynamical matrix

     q = (   -0.621564706  -0.124312941  -0.000000000 ) 

 **************************************************************************
     freq (    1) =       1.036867 [THz] =      34.586169 [cm-1]
 (  0.078134  0.038349  0.369834  0.038349 -0.121778  0.711265 ) 
 ( -0.043254  0.123317  0.043254 -0.381942 -0.410633  0.000000 ) 
     freq (    2) =       1.036867 [THz] =      34.586169 [cm-1]
 ( -0.383763 -0.021822  0.128848 -0.021822  0.069298 -0.404744 ) 
 (  0.024613 -0.371001 -0.024613 -0.083485 -0.721615  0.000000 ) 
     freq (    3) =       4.711271 [THz] =     157.151092 [cm-1]
 ( -0.392857 -0.209904  0.492577 -0.209904  0.010286  0.002443 ) 
 ( -0.200583  0.415645  0.200583  0.510937  0.022702  0.000000 ) 
     freq (    4) =       4.711271 [THz] =     157.151092 [cm-1]
 (  0.313234 -0.450749 -0.099094 -0.450749  0.022087  0.005247 ) 
 ( -0.430732 -0.318060  0.430732 -0.113430 -0.010572  0.000000 ) 
     freq (    5) =       8.973117 [THz] =     299.310953 [cm-1]
 (  0.028118  0.038137  0.583796  0.038137  0.051433 -0.412624 ) 
 ( -0.038591  0.035023  0.038591 -0.584169  0.370299  0.000000 ) 
     freq (    6) =       8.973117 [THz] =     299.310953 [cm-1]
 ( -0.584456 -0.033962  0.039527 -0.033962 -0.045803  0.367455 ) 
 (  0.034366 -0.584030 -0.034366 -0.032619  0.415817  0.000000 ) 
 **************************************************************************
