   6   6   6
  30
   0.000000000000000E+00   0.000000000000000E+00   0.000000000000000E+00
   0.124312941264078E+00   0.124312941264078E+00   0.000000000000000E+00
   0.248625882528156E+00   0.248625882528156E+00   0.000000000000000E+00
  -0.372938823792235E+00  -0.372938823792235E+00   0.000000000000000E+00
   0.124312941264078E+00   0.000000000000000E+00   0.261880470955306E+00
   0.248625882528156E+00   0.124312941264078E+00   0.261880470955306E+00
   0.372938823792235E+00   0.248625882528156E+00   0.261880470955306E+00
   0.248625882528156E+00   0.000000000000000E+00   0.523760941910612E+00
   0.372938823792235E+00   0.124312941264078E+00   0.523760941910612E+00
   0.497251765056313E+00   0.248625882528156E+00   0.523760941910612E+00
   0.124312941264078E+00  -0.124312941264078E+00   0.523760941910612E+00
  -0.372938823792235E+00   0.000000000000000E+00  -0.785641412865917E+00
  -0.248625882528156E+00   0.124312941264078E+00  -0.785641412865917E+00
   0.248625882528156E+00   0.248625882528156E+00   0.523760941910612E+00
   0.372938823792235E+00   0.372938823792235E+00   0.523760941910612E+00
   0.277555756156289E-16   0.277555756156289E-16   0.523760941910612E+00
   0.372938823792235E+00   0.248625882528156E+00   0.785641412865917E+00
  -0.277555756156289E-16  -0.124312941264078E+00   0.785641412865917E+00
  -0.745877647584469E+00  -0.248625882528156E+00  -0.523760941910612E+00
  -0.621564706320391E+00  -0.124312941264078E+00  -0.523760941910612E+00
  -0.277555756156289E-16   0.372938823792235E+00  -0.261880470955306E+00
  -0.621564706320391E+00  -0.248625882528156E+00  -0.261880470955306E+00
   0.277555756156289E-16   0.248625882528156E+00   0.000000000000000E+00
   0.124312941264078E+00   0.372938823792235E+00   0.000000000000000E+00
  -0.497251765056313E+00  -0.248625882528156E+00   0.000000000000000E+00
  -0.277555756156289E-16  -0.277555756156289E-16   0.104752188382122E+01
  -0.745877647584469E+00  -0.124312941264078E+00  -0.261880470955306E+00
  -0.277555756156289E-16   0.497251765056313E+00  -0.111022302462516E-15
  -0.621564706320391E+00  -0.124312941264078E+00  -0.111022302462516E-15
  -0.745877647584469E+00  -0.745877647584469E+00  -0.157128282573183E+01
