Dynamical matrix file
BETA-TIN PHONONS                                                           
  1    2  0 10.5638179  1.0000000  0.4746934  0.0000000  0.0000000  0.0000000
Basis vectors
     -0.670351232    0.670351232    0.318211331
      0.670351232   -0.670351232    0.318211331
      0.670351232    0.670351232   -0.318211331
           1  'Ge  '    66207.3097484883     
    1    1     -0.0000000000      1.0055268480      0.0795528329
    2    1      0.6703512320     -0.3351756160      0.2386584986

     Dynamical  Matrix in cartesian axes

     q = (   -0.000000000  -0.124312941   0.785641413 ) 

    1    1
  0.10142167  0.00000000    0.00000000  0.00000000    0.00000000  0.00000000
 -0.00000000 -0.00000000    0.02937122 -0.00000000   -0.00774673  0.00424612
 -0.00000000  0.00000000   -0.00774673 -0.00424612    0.26513844 -0.00000000
    1    2
  0.04210501  0.10189235    0.00000000  0.00000000    0.00000000  0.00000000
  0.00000000  0.00000000    0.04259911  0.01282258   -0.00032878 -0.00494921
  0.00000000  0.00000000   -0.00032878 -0.00494921    0.07880398 -0.00023159
    2    1
  0.04210501 -0.10189235    0.00000000 -0.00000000    0.00000000 -0.00000000
  0.00000000 -0.00000000    0.04259911 -0.01282258   -0.00032878  0.00494921
  0.00000000 -0.00000000   -0.00032878  0.00494921    0.07880398  0.00023159
    2    2
  0.10142167  0.00000000    0.00000000  0.00000000    0.00000000  0.00000000
 -0.00000000  0.00000000    0.02937122  0.00000000   -0.00774673 -0.00424612
 -0.00000000 -0.00000000   -0.00774673  0.00424612    0.26513844  0.00000000

     Dynamical  Matrix in cartesian axes

     q = (    0.000000000   0.124312941   0.785641413 ) 

    1    1
  0.10142167 -0.00000000    0.00000000 -0.00000000    0.00000000 -0.00000000
  0.00000000  0.00000000    0.02937122 -0.00000000    0.00774673 -0.00424612
  0.00000000  0.00000000    0.00774673  0.00424612    0.26513844 -0.00000000
    1    2
 -0.10929387 -0.01448217   -0.00000000  0.00000000   -0.00000000  0.00000000
 -0.00000000 -0.00000000   -0.03240424  0.03048062   -0.00445054 -0.00218987
 -0.00000000  0.00000000   -0.00445054 -0.00218987   -0.03920143  0.06836205
    2    1
 -0.10929387  0.01448217   -0.00000000  0.00000000   -0.00000000  0.00000000
 -0.00000000  0.00000000   -0.03240424 -0.03048062   -0.00445054  0.00218987
 -0.00000000  0.00000000   -0.00445054  0.00218987   -0.03920143 -0.06836205
    2    2
  0.10142167  0.00000000    0.00000000  0.00000000    0.00000000  0.00000000
  0.00000000 -0.00000000    0.02937122  0.00000000    0.00774673  0.00424612
  0.00000000 -0.00000000    0.00774673 -0.00424612    0.26513844  0.00000000

     Dynamical  Matrix in cartesian axes

     q = (    0.124312941   0.000000000   0.785641413 ) 

    1    1
  0.02937122  0.00000000    0.00000000 -0.00000000    0.00774673  0.00424612
  0.00000000  0.00000000    0.10142167  0.00000000    0.00000000  0.00000000
  0.00774673 -0.00424612    0.00000000  0.00000000    0.26513844  0.00000000
    1    2
 -0.04259911  0.01282258    0.00000000  0.00000000   -0.00032878  0.00494921
  0.00000000  0.00000000   -0.04210501  0.10189235   -0.00000000 -0.00000000
 -0.00032878  0.00494921    0.00000000 -0.00000000   -0.07880398 -0.00023159
    2    1
 -0.04259911 -0.01282258    0.00000000  0.00000000   -0.00032878 -0.00494921
  0.00000000  0.00000000   -0.04210501 -0.10189235   -0.00000000  0.00000000
 -0.00032878 -0.00494921    0.00000000  0.00000000   -0.07880398  0.00023159
    2    2
  0.02937122 -0.00000000    0.00000000  0.00000000    0.00774673 -0.00424612
  0.00000000 -0.00000000    0.10142167 -0.00000000    0.00000000  0.00000000
  0.00774673  0.00424612    0.00000000  0.00000000    0.26513844 -0.00000000

     Dynamical  Matrix in cartesian axes

     q = (    0.000000000  -0.124312941  -0.785641413 ) 

    1    1
  0.10142167  0.00000000    0.00000000  0.00000000    0.00000000  0.00000000
  0.00000000 -0.00000000    0.02937122  0.00000000    0.00774673  0.00424612
  0.00000000 -0.00000000    0.00774673 -0.00424612    0.26513844  0.00000000
    1    2
 -0.10929387  0.01448217    0.00000000  0.00000000   -0.00000000 -0.00000000
  0.00000000  0.00000000   -0.03240424 -0.03048062   -0.00445054  0.00218987
 -0.00000000  0.00000000   -0.00445054  0.00218987   -0.03920143 -0.06836205
    2    1
 -0.10929387 -0.01448217    0.00000000  0.00000000   -0.00000000  0.00000000
  0.00000000 -0.00000000   -0.03240424  0.03048062   -0.00445054 -0.00218987
 -0.00000000  0.00000000   -0.00445054 -0.00218987   -0.03920143  0.06836205
    2    2
  0.10142167 -0.00000000    0.00000000 -0.00000000    0.00000000 -0.00000000
  0.00000000  0.00000000    0.02937122 -0.00000000    0.00774673 -0.00424612
  0.00000000  0.00000000    0.00774673  0.00424612    0.26513844 -0.00000000

     Dynamical  Matrix in cartesian axes

     q = (   -0.124312941   0.000000000   0.785641413 ) 

    1    1
  0.02937122  0.00000000   -0.00000000  0.00000000   -0.00774673 -0.00424612
  0.00000000  0.00000000    0.10142167  0.00000000    0.00000000  0.00000000
 -0.00774673  0.00424612    0.00000000  0.00000000    0.26513844  0.00000000
    1    2
 -0.03240424 -0.03048062   -0.00000000 -0.00000000    0.00445054 -0.00218987
 -0.00000000 -0.00000000   -0.10929387  0.01448217   -0.00000000  0.00000000
  0.00445054 -0.00218987   -0.00000000 -0.00000000   -0.03920143 -0.06836205
    2    1
 -0.03240424  0.03048062   -0.00000000  0.00000000    0.00445054  0.00218987
 -0.00000000  0.00000000   -0.10929387 -0.01448217   -0.00000000  0.00000000
  0.00445054  0.00218987   -0.00000000  0.00000000   -0.03920143  0.06836205
    2    2
  0.02937122 -0.00000000   -0.00000000 -0.00000000   -0.00774673  0.00424612
  0.00000000  0.00000000    0.10142167  0.00000000    0.00000000  0.00000000
 -0.00774673 -0.00424612    0.00000000  0.00000000    0.26513844 -0.00000000

     Dynamical  Matrix in cartesian axes

     q = (   -0.124312941  -0.000000000  -0.785641413 ) 

    1    1
  0.02937122 -0.00000000    0.00000000  0.00000000    0.00774673 -0.00424612
  0.00000000 -0.00000000    0.10142167 -0.00000000    0.00000000  0.00000000
  0.00774673  0.00424612    0.00000000  0.00000000    0.26513844 -0.00000000
    1    2
 -0.04259911 -0.01282258    0.00000000  0.00000000   -0.00032878 -0.00494921
  0.00000000  0.00000000   -0.04210501 -0.10189235   -0.00000000  0.00000000
 -0.00032878 -0.00494921    0.00000000  0.00000000   -0.07880398  0.00023159
    2    1
 -0.04259911  0.01282258    0.00000000  0.00000000   -0.00032878  0.00494921
  0.00000000  0.00000000   -0.04210501  0.10189235   -0.00000000 -0.00000000
 -0.00032878  0.00494921    0.00000000 -0.00000000   -0.07880398 -0.00023159
    2    2
  0.02937122  0.00000000    0.00000000 -0.00000000    0.00774673  0.00424612
  0.00000000  0.00000000    0.10142167  0.00000000    0.00000000  0.00000000
  0.00774673 -0.00424612    0.00000000  0.00000000    0.26513844  0.00000000

     Dynamical  Matrix in cartesian axes

     q = (    0.000000000   0.124312941  -0.785641413 ) 

    1    1
  0.10142167  0.00000000    0.00000000  0.00000000    0.00000000  0.00000000
 -0.00000000  0.00000000    0.02937122  0.00000000   -0.00774673 -0.00424612
 -0.00000000 -0.00000000   -0.00774673  0.00424612    0.26513844  0.00000000
    1    2
  0.04210501 -0.10189235   -0.00000000 -0.00000000   -0.00000000 -0.00000000
  0.00000000 -0.00000000    0.04259911 -0.01282258   -0.00032878  0.00494921
  0.00000000 -0.00000000   -0.00032878  0.00494921    0.07880398  0.00023159
    2    1
  0.04210501  0.10189235   -0.00000000  0.00000000   -0.00000000  0.00000000
  0.00000000  0.00000000    0.04259911  0.01282258   -0.00032878 -0.00494921
  0.00000000  0.00000000   -0.00032878 -0.00494921    0.07880398 -0.00023159
    2    2
  0.10142167  0.00000000    0.00000000  0.00000000    0.00000000  0.00000000
 -0.00000000 -0.00000000    0.02937122 -0.00000000   -0.00774673  0.00424612
 -0.00000000  0.00000000   -0.00774673 -0.00424612    0.26513844 -0.00000000

     Dynamical  Matrix in cartesian axes

     q = (    0.124312941   0.000000000  -0.785641413 ) 

    1    1
  0.02937122 -0.00000000   -0.00000000 -0.00000000   -0.00774673  0.00424612
  0.00000000  0.00000000    0.10142167  0.00000000    0.00000000  0.00000000
 -0.00774673 -0.00424612    0.00000000  0.00000000    0.26513844 -0.00000000
    1    2
 -0.03240424  0.03048062    0.00000000  0.00000000    0.00445054  0.00218987
  0.00000000  0.00000000   -0.10929387 -0.01448217    0.00000000  0.00000000
  0.00445054  0.00218987    0.00000000  0.00000000   -0.03920143  0.06836205
    2    1
 -0.03240424 -0.03048062    0.00000000 -0.00000000    0.00445054 -0.00218987
  0.00000000 -0.00000000   -0.10929387  0.01448217    0.00000000  0.00000000
  0.00445054 -0.00218987    0.00000000 -0.00000000   -0.03920143 -0.06836205
    2    2
  0.02937122  0.00000000   -0.00000000  0.00000000   -0.00774673 -0.00424612
  0.00000000  0.00000000    0.10142167  0.00000000    0.00000000  0.00000000
 -0.00774673  0.00424612    0.00000000  0.00000000    0.26513844  0.00000000

     Diagonalizing the dynamical matrix

     q = (   -0.000000000  -0.124312941   0.785641413 ) 

 **************************************************************************
     freq (    1) =      -1.581287 [THz] =     -52.746065 [cm-1]
 ( -0.000000 -0.000000  0.694799  0.129638  0.021092  0.001758 ) 
 (  0.000000 -0.000000 -0.703166  0.071484 -0.021165  0.000000 ) 
     freq (    2) =      -1.201272 [THz] =     -40.070127 [cm-1]
 ( -0.311790  0.634655 -0.000000  0.000000 -0.000000  0.000000 ) 
 ( -0.467474 -0.530536 -0.000000 -0.000000 -0.000000  0.000000 ) 
     freq (    3) =       3.447550 [THz] =     114.997897 [cm-1]
 ( -0.000000 -0.000000  0.128096  0.692238 -0.052933  0.039944 ) 
 (  0.000000 -0.000000  0.314729  0.629721  0.066313  0.000000 ) 
     freq (    4) =       5.535200 [THz] =     184.634407 [cm-1]
 (  0.000000  0.000000  0.029984 -0.059138 -0.703978 -0.004296 ) 
 (  0.000000  0.000000 -0.029623 -0.059320  0.703991  0.000000 ) 
     freq (    5) =       5.882373 [THz] =     196.214858 [cm-1]
 ( -0.422084  0.567314 -0.000000  0.000000  0.000000  0.000000 ) 
 (  0.363114  0.606752 -0.000000  0.000000 -0.000000  0.000000 ) 
     freq (    6) =       7.500984 [THz] =     250.205889 [cm-1]
 ( -0.000000 -0.000000 -0.021078 -0.002161  0.706789  0.000584 ) 
 ( -0.000000  0.000000 -0.021080  0.002144  0.706789  0.000000 ) 
 **************************************************************************
