Dynamical matrix file
BETA-TIN PHONONS                                                           
  1    2  0 10.5638179  1.0000000  0.4746934  0.0000000  0.0000000  0.0000000
Basis vectors
     -0.670351232    0.670351232    0.318211331
      0.670351232   -0.670351232    0.318211331
      0.670351232    0.670351232   -0.318211331
           1  'Ge  '    66207.3097484883     
    1    1     -0.0000000000      1.0055268480      0.0795528329
    2    1      0.6703512320     -0.3351756160      0.2386584986

     Dynamical  Matrix in cartesian axes

     q = (    0.000000000   0.497251765  -0.000000000 ) 

    1    1
  0.07656264 -0.00000000    0.00000000 -0.00000000    0.00000000 -0.00000000
  0.00000000  0.00000000    0.12626128  0.00000000    0.00000000  0.02698192
  0.00000000 -0.00000000    0.00000000 -0.02698192    0.03319215 -0.00000000
    1    2
  0.04211496  0.07294524   -0.00000000  0.00000000    0.00000000  0.00000000
 -0.00000000 -0.00000000    0.01874878  0.03247384    0.02722836 -0.01572030
 -0.00000000 -0.00000000    0.02722836 -0.01572030   -0.00140542 -0.00243426
    2    1
  0.04211496 -0.07294524    0.00000000  0.00000000    0.00000000  0.00000000
  0.00000000  0.00000000    0.01874878 -0.03247384    0.02722836  0.01572030
  0.00000000  0.00000000    0.02722836  0.01572030   -0.00140542  0.00243426
    2    2
  0.07656264 -0.00000000    0.00000000 -0.00000000    0.00000000 -0.00000000
  0.00000000 -0.00000000    0.12626128 -0.00000000    0.00000000 -0.02698192
  0.00000000  0.00000000    0.00000000  0.02698192    0.03319215  0.00000000

     Dynamical  Matrix in cartesian axes

     q = (    0.000000000  -0.497251765  -0.000000000 ) 

    1    1
  0.07656264 -0.00000000    0.00000000 -0.00000000    0.00000000 -0.00000000
  0.00000000 -0.00000000    0.12626128 -0.00000000    0.00000000 -0.02698192
 -0.00000000  0.00000000   -0.00000000  0.02698192    0.03319215  0.00000000
    1    2
  0.04211496 -0.07294524   -0.00000000 -0.00000000    0.00000000  0.00000000
  0.00000000  0.00000000    0.01874878 -0.03247384    0.02722836  0.01572030
  0.00000000  0.00000000    0.02722836  0.01572030   -0.00140542  0.00243426
    2    1
  0.04211496  0.07294524   -0.00000000  0.00000000   -0.00000000 -0.00000000
  0.00000000  0.00000000    0.01874878  0.03247384    0.02722836 -0.01572030
 -0.00000000  0.00000000    0.02722836 -0.01572030   -0.00140542 -0.00243426
    2    2
  0.07656264 -0.00000000    0.00000000 -0.00000000    0.00000000 -0.00000000
  0.00000000  0.00000000    0.12626128  0.00000000    0.00000000  0.02698192
 -0.00000000 -0.00000000   -0.00000000 -0.02698192    0.03319215 -0.00000000

     Dynamical  Matrix in cartesian axes

     q = (    0.497251765   0.000000000  -0.000000000 ) 

    1    1
  0.12626128 -0.00000000    0.00000000 -0.00000000   -0.00000000 -0.02698192
  0.00000000 -0.00000000    0.07656264 -0.00000000   -0.00000000  0.00000000
 -0.00000000  0.02698192   -0.00000000  0.00000000    0.03319215 -0.00000000
    1    2
  0.01874878  0.03247384   -0.00000000 -0.00000000   -0.02722836  0.01572030
 -0.00000000 -0.00000000    0.04211496  0.07294524   -0.00000000  0.00000000
 -0.02722836  0.01572030   -0.00000000  0.00000000   -0.00140542 -0.00243426
    2    1
  0.01874878 -0.03247384    0.00000000  0.00000000   -0.02722836 -0.01572030
  0.00000000  0.00000000    0.04211496 -0.07294524    0.00000000  0.00000000
 -0.02722836 -0.01572030    0.00000000  0.00000000   -0.00140542  0.00243426
    2    2
  0.12626128  0.00000000    0.00000000  0.00000000   -0.00000000  0.02698192
  0.00000000 -0.00000000    0.07656264 -0.00000000   -0.00000000  0.00000000
 -0.00000000 -0.02698192   -0.00000000 -0.00000000    0.03319215  0.00000000

     Dynamical  Matrix in cartesian axes

     q = (   -0.497251765   0.000000000  -0.000000000 ) 

    1    1
  0.12626128  0.00000000    0.00000000  0.00000000   -0.00000000  0.02698192
  0.00000000 -0.00000000    0.07656264 -0.00000000   -0.00000000  0.00000000
 -0.00000000 -0.02698192   -0.00000000 -0.00000000    0.03319215  0.00000000
    1    2
  0.01874878 -0.03247384    0.00000000  0.00000000   -0.02722836 -0.01572030
  0.00000000  0.00000000    0.04211496 -0.07294524   -0.00000000  0.00000000
 -0.02722836 -0.01572030    0.00000000  0.00000000   -0.00140542  0.00243426
    2    1
  0.01874878  0.03247384    0.00000000  0.00000000   -0.02722836  0.01572030
  0.00000000  0.00000000    0.04211496  0.07294524    0.00000000 -0.00000000
 -0.02722836  0.01572030    0.00000000  0.00000000   -0.00140542 -0.00243426
    2    2
  0.12626128 -0.00000000    0.00000000 -0.00000000   -0.00000000 -0.02698192
  0.00000000 -0.00000000    0.07656264 -0.00000000   -0.00000000  0.00000000
 -0.00000000  0.02698192   -0.00000000  0.00000000    0.03319215 -0.00000000

     Diagonalizing the dynamical matrix

     q = (   -0.000000000   0.497251765  -0.000000000 ) 

 **************************************************************************
     freq (    1) =      -1.119547 [THz] =     -37.344074 [cm-1]
 ( -0.693993 -0.135552 -0.000000  0.000000 -0.000000 -0.000000 ) 
 (  0.464388 -0.533239 -0.000000  0.000000  0.000000  0.000000 ) 
     freq (    2) =       1.475367 [THz] =      49.212934 [cm-1]
 ( -0.000000 -0.000000  0.221678 -0.127986  0.329575  0.570841 ) 
 (  0.000000 -0.000000  0.000000 -0.255971 -0.659150  0.000000 ) 
     freq (    3) =       2.216114 [THz] =      73.921591 [cm-1]
 (  0.000000  0.000000  0.046364 -0.026768 -0.352539 -0.610615 ) 
 ( -0.000000 -0.000000 -0.000000  0.053537 -0.705077  0.000000 ) 
     freq (    4) =       3.816510 [THz] =     127.305079 [cm-1]
 ( -0.000000  0.000000 -0.610615  0.352539 -0.026768 -0.046364 ) 
 ( -0.000000  0.000000  0.000000 -0.705077 -0.053537  0.000000 ) 
     freq (    5) =       5.126902 [THz] =     171.015050 [cm-1]
 (  0.011610  0.707011  0.000000 -0.000000  0.000000  0.000000 ) 
 (  0.618095  0.343451  0.000000  0.000000 -0.000000  0.000000 ) 
     freq (    6) =       5.520762 [THz] =     184.152811 [cm-1]
 (  0.000000 -0.000000 -0.570841  0.329575  0.127986  0.221678 ) 
 ( -0.000000  0.000000  0.000000  0.659150 -0.255971  0.000000 ) 
 **************************************************************************
