Dynamical matrix file
BETA-TIN PHONONS                                                           
  1    2  0 10.5638179  1.0000000  0.4746934  0.0000000  0.0000000  0.0000000
Basis vectors
     -0.670351232    0.670351232    0.318211331
      0.670351232   -0.670351232    0.318211331
      0.670351232    0.670351232   -0.318211331
           1  'Ge  '    66207.3097484883     
    1    1     -0.0000000000      1.0055268480      0.0795528329
    2    1      0.6703512320     -0.3351756160      0.2386584986

     Dynamical  Matrix in cartesian axes

     q = (   -0.000000000  -0.000000000   1.047521884 ) 

    1    1
 -0.00861211  0.00000000    0.00000000  0.00000000   -0.00000000  0.00000000
  0.00000000  0.00000000   -0.00861211  0.00000000    0.00000000  0.00000000
  0.00000000  0.00000000    0.00000000  0.00000000    0.03308777  0.00000000
    1    2
 -0.01813978  0.03017664    0.00000000  0.00000000   -0.00000000  0.00000000
  0.00000000  0.00000000   -0.01706385  0.03079783   -0.00000000  0.00000000
  0.00000000  0.00000000    0.00000000  0.00000000   -0.01092469  0.01892211
    2    1
 -0.01813978 -0.03017664    0.00000000  0.00000000   -0.00000000 -0.00000000
  0.00000000  0.00000000   -0.01706385 -0.03079783   -0.00000000  0.00000000
 -0.00000000 -0.00000000   -0.00000000  0.00000000   -0.01092469 -0.01892211
    2    2
 -0.00861211  0.00000000    0.00000000  0.00000000    0.00000000  0.00000000
  0.00000000 -0.00000000   -0.00861211 -0.00000000    0.00000000  0.00000000
  0.00000000 -0.00000000    0.00000000 -0.00000000    0.03308777  0.00000000

     Dynamical  Matrix in cartesian axes

     q = (    0.000000000  -0.000000000  -1.047521884 ) 

    1    1
 -0.00861211  0.00000000    0.00000000  0.00000000    0.00000000  0.00000000
 -0.00000000  0.00000000   -0.00861211 -0.00000000   -0.00000000  0.00000000
 -0.00000000  0.00000000    0.00000000  0.00000000    0.03308777  0.00000000
    1    2
 -0.01813978 -0.03017664    0.00000000  0.00000000   -0.00000000  0.00000000
  0.00000000  0.00000000   -0.01706385 -0.03079783    0.00000000 -0.00000000
 -0.00000000  0.00000000   -0.00000000 -0.00000000   -0.01092469 -0.01892211
    2    1
 -0.01813978  0.03017664   -0.00000000  0.00000000    0.00000000 -0.00000000
 -0.00000000  0.00000000   -0.01706385  0.03079783   -0.00000000  0.00000000
  0.00000000 -0.00000000   -0.00000000 -0.00000000   -0.01092469  0.01892211
    2    2
 -0.00861211 -0.00000000    0.00000000 -0.00000000    0.00000000  0.00000000
  0.00000000  0.00000000   -0.00861211  0.00000000    0.00000000  0.00000000
  0.00000000 -0.00000000    0.00000000 -0.00000000    0.03308777  0.00000000

     Diagonalizing the dynamical matrix

     q = (   -0.000000000  -0.000000000   1.047521884 ) 

 **************************************************************************
     freq (    1) =      -2.676482 [THz] =     -89.277815 [cm-1]
 ( -0.585920 -0.043302  0.241903 -0.310332 -0.000000 -0.000000 ) 
 ( -0.264754 -0.524483  0.388688  0.061195 -0.000000  0.000000 ) 
     freq (    2) =      -2.676482 [THz] =     -89.277815 [cm-1]
 (  0.269164  0.287008  0.579540 -0.096491 -0.000000  0.000000 ) 
 ( -0.107312  0.378559  0.365272  0.460167  0.000000  0.000000 ) 
     freq (    3) =       1.355421 [THz] =      45.211983 [cm-1]
 (  0.000000  0.000000 -0.000000  0.000000  0.353553 -0.612372 ) 
 ( -0.000000 -0.000000  0.000000 -0.000000  0.707107  0.000000 ) 
     freq (    4) =       2.085155 [THz] =      69.553292 [cm-1]
 ( -0.125287  0.143948  0.248123 -0.634048 -0.000000 -0.000000 ) 
 (  0.187921  0.033218 -0.674861  0.090251  0.000000  0.000000 ) 
     freq (    5) =       2.085155 [THz] =      69.553292 [cm-1]
 ( -0.498505 -0.463762 -0.175312 -0.075389  0.000000 -0.000000 ) 
 ( -0.140646  0.666184  0.019020  0.189884  0.000000  0.000000 ) 
     freq (    6) =       2.996782 [THz] =      99.961882 [cm-1]
 ( -0.000000  0.000000  0.000000  0.000000 -0.353553  0.612372 ) 
 (  0.000000 -0.000000 -0.000000 -0.000000  0.707107  0.000000 ) 
 **************************************************************************
