Dynamical matrix file
BETA-TIN PHONONS                                                           
  1    2  0 10.5638179  1.0000000  0.4746934  0.0000000  0.0000000  0.0000000
Basis vectors
     -0.670351232    0.670351232    0.318211331
      0.670351232   -0.670351232    0.318211331
      0.670351232    0.670351232   -0.318211331
           1  'Ge  '    66207.3097484883     
    1    1     -0.0000000000      1.0055268480      0.0795528329
    2    1      0.6703512320     -0.3351756160      0.2386584986

     Dynamical  Matrix in cartesian axes

     q = (   -0.497251765  -0.248625883   0.000000000 ) 

    1    1
  0.08652952  0.00000000    0.03558032  0.00000000   -0.00000000 -0.00090751
  0.03558032  0.00000000    0.08652952  0.00000000   -0.00000000 -0.00090751
 -0.00000000  0.00090751   -0.00000000  0.00090751    0.01973347  0.00000000
    1    2
  0.04166960  0.00000000    0.00000000 -0.00000000   -0.00000000  0.00603384
  0.00000000  0.00000000   -0.04166960 -0.00000000    0.00000000 -0.00603384
 -0.00000000  0.00603384    0.00000000 -0.00603384    0.00000000  0.00000000
    2    1
  0.04166960 -0.00000000   -0.00000000 -0.00000000   -0.00000000 -0.00603384
 -0.00000000  0.00000000   -0.04166960  0.00000000    0.00000000  0.00603384
 -0.00000000 -0.00603384    0.00000000  0.00603384   -0.00000000  0.00000000
    2    2
  0.08652952  0.00000000    0.03558032  0.00000000   -0.00000000  0.00090751
  0.03558032  0.00000000    0.08652952  0.00000000   -0.00000000  0.00090751
 -0.00000000 -0.00090751   -0.00000000 -0.00090751    0.01973347  0.00000000

     Dynamical  Matrix in cartesian axes

     q = (   -0.497251765   0.248625883   0.000000000 ) 

    1    1
  0.08652952  0.00000000   -0.03558032  0.00000000    0.00000000 -0.00090751
 -0.03558032  0.00000000    0.08652952  0.00000000    0.00000000  0.00090751
  0.00000000  0.00090751    0.00000000 -0.00090751    0.01973347  0.00000000
    1    2
 -0.02083480 -0.03608694   -0.00000000  0.00000000    0.00522546 -0.00301692
  0.00000000  0.00000000    0.02083480  0.03608694    0.00522546 -0.00301692
  0.00522546 -0.00301692    0.00522546 -0.00301692    0.00000000 -0.00000000
    2    1
 -0.02083480  0.03608694    0.00000000 -0.00000000    0.00522546  0.00301692
  0.00000000 -0.00000000    0.02083480 -0.03608694    0.00522546  0.00301692
  0.00522546  0.00301692    0.00522546  0.00301692    0.00000000 -0.00000000
    2    2
  0.08652952  0.00000000   -0.03558032  0.00000000    0.00000000  0.00090751
 -0.03558032  0.00000000    0.08652952  0.00000000    0.00000000 -0.00090751
  0.00000000 -0.00090751    0.00000000  0.00090751    0.01973347  0.00000000

     Dynamical  Matrix in cartesian axes

     q = (    0.497251765   0.248625883   0.000000000 ) 

    1    1
  0.08652952  0.00000000    0.03558032  0.00000000   -0.00000000  0.00090751
  0.03558032  0.00000000    0.08652952  0.00000000   -0.00000000  0.00090751
 -0.00000000 -0.00090751   -0.00000000 -0.00090751    0.01973347  0.00000000
    1    2
  0.04166960 -0.00000000    0.00000000  0.00000000   -0.00000000 -0.00603384
  0.00000000  0.00000000   -0.04166960  0.00000000    0.00000000  0.00603384
 -0.00000000 -0.00603384    0.00000000  0.00603384   -0.00000000  0.00000000
    2    1
  0.04166960  0.00000000    0.00000000 -0.00000000   -0.00000000  0.00603384
  0.00000000 -0.00000000   -0.04166960 -0.00000000    0.00000000 -0.00603384
 -0.00000000  0.00603384    0.00000000 -0.00603384    0.00000000  0.00000000
    2    2
  0.08652952  0.00000000    0.03558032  0.00000000   -0.00000000 -0.00090751
  0.03558032  0.00000000    0.08652952  0.00000000   -0.00000000 -0.00090751
 -0.00000000  0.00090751   -0.00000000  0.00090751    0.01973347  0.00000000

     Dynamical  Matrix in cartesian axes

     q = (   -0.248625883   0.497251765   0.000000000 ) 

    1    1
  0.08652952  0.00000000   -0.03558032  0.00000000    0.00000000  0.00090751
 -0.03558032  0.00000000    0.08652952  0.00000000    0.00000000 -0.00090751
  0.00000000 -0.00090751    0.00000000  0.00090751    0.01973347  0.00000000
    1    2
 -0.02083480  0.03608694    0.00000000  0.00000000    0.00522546  0.00301692
 -0.00000000  0.00000000    0.02083480 -0.03608694    0.00522546  0.00301692
  0.00522546  0.00301692    0.00522546  0.00301692    0.00000000  0.00000000
    2    1
 -0.02083480 -0.03608694    0.00000000 -0.00000000    0.00522546 -0.00301692
 -0.00000000 -0.00000000    0.02083480  0.03608694    0.00522546 -0.00301692
  0.00522546 -0.00301692    0.00522546 -0.00301692    0.00000000 -0.00000000
    2    2
  0.08652952  0.00000000   -0.03558032  0.00000000    0.00000000 -0.00090751
 -0.03558032  0.00000000    0.08652952  0.00000000    0.00000000  0.00090751
  0.00000000  0.00090751    0.00000000 -0.00090751    0.01973347  0.00000000

     Diagonalizing the dynamical matrix

     q = (   -0.497251765  -0.248625883   0.000000000 ) 

 **************************************************************************
     freq (    1) =       1.627610 [THz] =      54.291219 [cm-1]
 ( -0.001635 -0.275961 -0.001635  0.137286  0.612720 -0.014452 ) 
 (  0.004471  0.265144 -0.004471 -0.113991  0.667850  0.000000 ) 
     freq (    2) =       1.627610 [THz] =      54.291219 [cm-1]
 (  0.001782 -0.114065  0.001782  0.265175 -0.667664  0.015748 ) 
 ( -0.004872 -0.137210  0.004872  0.275923  0.612890  0.000000 ) 
     freq (    3) =       2.394678 [THz] =      79.877844 [cm-1]
 ( -0.096730 -0.596926 -0.096730  0.305774 -0.218146  0.144950 ) 
 (  0.198872  0.518831 -0.198872 -0.079764 -0.328970  0.000000 ) 
     freq (    4) =       2.394678 [THz] =      79.877844 [cm-1]
 ( -0.121496  0.176497 -0.121496 -0.542194 -0.273998  0.182061 ) 
 (  0.249790  0.201145 -0.249790 -0.550711  0.261912  0.000000 ) 
     freq (    5) =       4.809640 [THz] =     160.432320 [cm-1]
 (  0.103834 -0.290240  0.103834 -0.671551  0.029289  0.006324 ) 
 (  0.048199  0.187491 -0.048199  0.633951  0.025015  0.000000 ) 
     freq (    6) =       4.809640 [THz] =     160.432320 [cm-1]
 ( -0.086684  0.629844 -0.086684  0.173095 -0.024452 -0.005280 ) 
 ( -0.040239  0.678338  0.040239  0.305617  0.029964  0.000000 ) 
 **************************************************************************
