Dynamical matrix file
BETA-TIN PHONONS                                                           
  1    2  0 10.5638179  1.0000000  0.4746934  0.0000000  0.0000000  0.0000000
Basis vectors
     -0.670351232    0.670351232    0.318211331
      0.670351232   -0.670351232    0.318211331
      0.670351232    0.670351232   -0.318211331
           1  'Ge  '    66207.3097484883     
    1    1     -0.0000000000      1.0055268480      0.0795528329
    2    1      0.6703512320     -0.3351756160      0.2386584986

     Dynamical  Matrix in cartesian axes

     q = (   -0.745877648  -0.745877648  -1.571282826 ) 

    1    1
  0.01102013  0.00000000    0.00000000  0.00000000    0.00000000  0.00000000
  0.00000000  0.00000000    0.01102013  0.00000000   -0.00000000  0.00000000
  0.00000000  0.00000000   -0.00000000  0.00000000    0.02232118  0.00000000
    1    2
 -0.03250536 -0.00000000    0.00000000 -0.00000000    0.00000000 -0.00000000
  0.00000000 -0.00000000    0.03250536  0.00000000    0.00000000  0.00000000
  0.00000000 -0.00000000    0.00000000 -0.00000000   -0.00000000  0.00000000
    2    1
 -0.03250536  0.00000000   -0.00000000  0.00000000    0.00000000 -0.00000000
 -0.00000000  0.00000000    0.03250536 -0.00000000    0.00000000 -0.00000000
 -0.00000000 -0.00000000   -0.00000000 -0.00000000   -0.00000000  0.00000000
    2    2
  0.01102013  0.00000000    0.00000000  0.00000000    0.00000000  0.00000000
 -0.00000000  0.00000000    0.01102013  0.00000000   -0.00000000  0.00000000
 -0.00000000  0.00000000    0.00000000  0.00000000    0.02232118  0.00000000

     Diagonalizing the dynamical matrix

     q = (   -0.745877648  -0.745877648  -1.571282826 ) 

 **************************************************************************
     freq (    1) =      -1.874097 [THz] =     -62.513152 [cm-1]
 ( -0.702188  0.000000  0.083258  0.000000 -0.000000  0.000000 ) 
 ( -0.702188  0.000000 -0.083258  0.000000 -0.000000  0.000000 ) 
     freq (    2) =      -1.874097 [THz] =     -62.513152 [cm-1]
 (  0.083258  0.000000  0.702188  0.000000 -0.000000  0.000000 ) 
 (  0.083258  0.000000 -0.702188  0.000000  0.000000  0.000000 ) 
     freq (    3) =       1.910208 [THz] =      63.717670 [cm-1]
 (  0.000000  0.000000 -0.000000  0.000000  0.000000  0.000000 ) 
 ( -0.000000  0.000000 -0.000000  0.000000  1.000000  0.000000 ) 
     freq (    4) =       1.910208 [THz] =      63.717670 [cm-1]
 (  0.000000  0.000000 -0.000000  0.000000 -1.000000  0.000000 ) 
 (  0.000000  0.000000  0.000000  0.000000  0.000000  0.000000 ) 
     freq (    5) =       2.667435 [THz] =      88.976060 [cm-1]
 (  0.663509  0.000000  0.244451  0.000000 -0.000000  0.000000 ) 
 ( -0.663509  0.000000  0.244451  0.000000  0.000000  0.000000 ) 
     freq (    6) =       2.667435 [THz] =      88.976060 [cm-1]
 ( -0.244451  0.000000  0.663509  0.000000 -0.000000  0.000000 ) 
 (  0.244451  0.000000  0.663509  0.000000  0.000000  0.000000 ) 
 **************************************************************************
