Dynamical matrix file
BETA-TIN PHONONS                                                           
  1    2  0 10.5638179  1.0000000  0.4746934  0.0000000  0.0000000  0.0000000
Basis vectors
     -0.670351232    0.670351232    0.318211331
      0.670351232   -0.670351232    0.318211331
      0.670351232    0.670351232   -0.318211331
           1  'Ge  '    66207.3097484883     
    1    1     -0.0000000000      1.0055268480      0.0795528329
    2    1      0.6703512320     -0.3351756160      0.2386584986

     Dynamical  Matrix in cartesian axes

     q = (   -0.000000000   0.372938824  -0.261880471 ) 

    1    1
 -0.00586362  0.00000000    0.00000000  0.00000000   -0.00000000  0.00000000
  0.00000000  0.00000000    0.00595444  0.00000000    0.01229082 -0.00152811
  0.00000000  0.00000000    0.01229082  0.00152811    0.07388173  0.00000000
    1    2
  0.00116775  0.00092227    0.00000000  0.00000000    0.00000000  0.00000000
  0.00000000  0.00000000    0.02506116  0.01621307    0.01142441 -0.01142567
  0.00000000  0.00000000    0.01142441 -0.01142567    0.00487271  0.02141279
    2    1
  0.00116775 -0.00092227    0.00000000  0.00000000    0.00000000  0.00000000
  0.00000000  0.00000000    0.02506116 -0.01621307    0.01142441  0.01142567
  0.00000000  0.00000000    0.01142441  0.01142567    0.00487271 -0.02141279
    2    2
 -0.00586362  0.00000000    0.00000000  0.00000000   -0.00000000  0.00000000
  0.00000000  0.00000000    0.00595444  0.00000000    0.01229082  0.00152811
  0.00000000  0.00000000    0.01229082 -0.00152811    0.07388173  0.00000000

     Dynamical  Matrix in cartesian axes

     q = (    0.000000000  -0.372938824  -0.261880471 ) 

    1    1
 -0.00586362  0.00000000    0.00000000  0.00000000    0.00000000  0.00000000
  0.00000000  0.00000000    0.00595444  0.00000000   -0.01229082  0.00152811
  0.00000000  0.00000000   -0.01229082 -0.00152811    0.07388173  0.00000000
    1    2
  0.00116775  0.00092227    0.00000000 -0.00000000    0.00000000  0.00000000
  0.00000000  0.00000000    0.02506116  0.01621307   -0.01142441  0.01142567
  0.00000000  0.00000000   -0.01142441  0.01142567    0.00487271  0.02141279
    2    1
  0.00116775 -0.00092227    0.00000000  0.00000000    0.00000000  0.00000000
  0.00000000  0.00000000    0.02506116 -0.01621307   -0.01142441 -0.01142567
  0.00000000  0.00000000   -0.01142441 -0.01142567    0.00487271 -0.02141279
    2    2
 -0.00586362  0.00000000    0.00000000  0.00000000    0.00000000  0.00000000
  0.00000000  0.00000000    0.00595444  0.00000000   -0.01229082 -0.00152811
  0.00000000  0.00000000   -0.01229082  0.00152811    0.07388173  0.00000000

     Dynamical  Matrix in cartesian axes

     q = (   -0.372938824   0.000000000  -0.261880471 ) 

    1    1
  0.00595444  0.00000000    0.00000000  0.00000000   -0.01229082 -0.00152811
  0.00000000  0.00000000   -0.00586362  0.00000000    0.00000000  0.00000000
 -0.01229082  0.00152811   -0.00000000  0.00000000    0.07388173  0.00000000
    1    2
 -0.00151035 -0.02981013    0.00000000  0.00000000   -0.01560713  0.00418099
  0.00000000  0.00000000   -0.00021483 -0.00147244   -0.00000000  0.00000000
 -0.01560713  0.00418099   -0.00000000  0.00000000   -0.01610766 -0.01492628
    2    1
 -0.00151035  0.02981013    0.00000000  0.00000000   -0.01560713 -0.00418099
  0.00000000  0.00000000   -0.00021483  0.00147244   -0.00000000  0.00000000
 -0.01560713 -0.00418099   -0.00000000  0.00000000   -0.01610766  0.01492628
    2    2
  0.00595444  0.00000000    0.00000000  0.00000000   -0.01229082  0.00152811
  0.00000000  0.00000000   -0.00586362  0.00000000    0.00000000  0.00000000
 -0.01229082 -0.00152811   -0.00000000  0.00000000    0.07388173  0.00000000

     Dynamical  Matrix in cartesian axes

     q = (    0.000000000   0.372938824   0.261880471 ) 

    1    1
 -0.00586362  0.00000000    0.00000000  0.00000000    0.00000000  0.00000000
  0.00000000  0.00000000    0.00595444  0.00000000   -0.01229082 -0.00152811
  0.00000000  0.00000000   -0.01229082  0.00152811    0.07388173  0.00000000
    1    2
  0.00116775 -0.00092227   -0.00000000  0.00000000   -0.00000000  0.00000000
 -0.00000000  0.00000000    0.02506116 -0.01621307   -0.01142441 -0.01142567
 -0.00000000  0.00000000   -0.01142441 -0.01142567    0.00487271 -0.02141279
    2    1
  0.00116775  0.00092227   -0.00000000 -0.00000000   -0.00000000 -0.00000000
 -0.00000000 -0.00000000    0.02506116  0.01621307   -0.01142441  0.01142567
 -0.00000000 -0.00000000   -0.01142441  0.01142567    0.00487271  0.02141279
    2    2
 -0.00586362  0.00000000    0.00000000  0.00000000    0.00000000  0.00000000
  0.00000000  0.00000000    0.00595444  0.00000000   -0.01229082  0.00152811
  0.00000000  0.00000000   -0.01229082 -0.00152811    0.07388173  0.00000000

     Dynamical  Matrix in cartesian axes

     q = (    0.372938824   0.000000000  -0.261880471 ) 

    1    1
  0.00595444  0.00000000    0.00000000  0.00000000    0.01229082  0.00152811
  0.00000000  0.00000000   -0.00586362  0.00000000   -0.00000000  0.00000000
  0.01229082 -0.00152811    0.00000000  0.00000000    0.07388173  0.00000000
    1    2
  0.00151035  0.02981013   -0.00000000  0.00000000   -0.01560713  0.00418099
  0.00000000  0.00000000    0.00021483  0.00147244   -0.00000000 -0.00000000
 -0.01560713  0.00418099   -0.00000000 -0.00000000    0.01610766  0.01492628
    2    1
  0.00151035 -0.02981013   -0.00000000 -0.00000000   -0.01560713 -0.00418099
  0.00000000 -0.00000000    0.00021483 -0.00147244   -0.00000000  0.00000000
 -0.01560713 -0.00418099   -0.00000000  0.00000000    0.01610766 -0.01492628
    2    2
  0.00595444  0.00000000    0.00000000  0.00000000    0.01229082 -0.00152811
  0.00000000  0.00000000   -0.00586362  0.00000000   -0.00000000  0.00000000
  0.01229082  0.00152811    0.00000000  0.00000000    0.07388173  0.00000000

     Dynamical  Matrix in cartesian axes

     q = (    0.372938824  -0.000000000   0.261880471 ) 

    1    1
  0.00595444  0.00000000    0.00000000  0.00000000   -0.01229082  0.00152811
  0.00000000  0.00000000   -0.00586362  0.00000000    0.00000000  0.00000000
 -0.01229082 -0.00152811   -0.00000000  0.00000000    0.07388173  0.00000000
    1    2
 -0.00151035  0.02981013    0.00000000  0.00000000   -0.01560713 -0.00418099
  0.00000000  0.00000000   -0.00021483  0.00147244   -0.00000000  0.00000000
 -0.01560713 -0.00418099   -0.00000000  0.00000000   -0.01610766  0.01492628
    2    1
 -0.00151035 -0.02981013    0.00000000  0.00000000   -0.01560713  0.00418099
  0.00000000  0.00000000   -0.00021483 -0.00147244   -0.00000000  0.00000000
 -0.01560713  0.00418099   -0.00000000  0.00000000   -0.01610766 -0.01492628
    2    2
  0.00595444  0.00000000    0.00000000  0.00000000   -0.01229082 -0.00152811
  0.00000000  0.00000000   -0.00586362  0.00000000    0.00000000  0.00000000
 -0.01229082  0.00152811   -0.00000000  0.00000000    0.07388173  0.00000000

     Dynamical  Matrix in cartesian axes

     q = (    0.000000000  -0.372938824   0.261880471 ) 

    1    1
 -0.00586362  0.00000000    0.00000000  0.00000000   -0.00000000  0.00000000
  0.00000000  0.00000000    0.00595444  0.00000000    0.01229082  0.00152811
  0.00000000  0.00000000    0.01229082 -0.00152811    0.07388173  0.00000000
    1    2
  0.00116775 -0.00092227    0.00000000  0.00000000    0.00000000  0.00000000
  0.00000000  0.00000000    0.02506116 -0.01621307    0.01142441  0.01142567
  0.00000000  0.00000000    0.01142441  0.01142567    0.00487271 -0.02141279
    2    1
  0.00116775  0.00092227    0.00000000  0.00000000    0.00000000  0.00000000
  0.00000000  0.00000000    0.02506116  0.01621307    0.01142441 -0.01142567
  0.00000000  0.00000000    0.01142441 -0.01142567    0.00487271  0.02141279
    2    2
 -0.00586362  0.00000000    0.00000000  0.00000000   -0.00000000  0.00000000
  0.00000000  0.00000000    0.00595444  0.00000000    0.01229082 -0.00152811
  0.00000000  0.00000000    0.01229082  0.00152811    0.07388173  0.00000000

     Dynamical  Matrix in cartesian axes

     q = (   -0.372938824   0.000000000   0.261880471 ) 

    1    1
  0.00595444  0.00000000    0.00000000  0.00000000    0.01229082 -0.00152811
  0.00000000  0.00000000   -0.00586362  0.00000000   -0.00000000  0.00000000
  0.01229082  0.00152811    0.00000000  0.00000000    0.07388173  0.00000000
    1    2
  0.00151035 -0.02981013    0.00000000 -0.00000000   -0.01560713 -0.00418099
  0.00000000 -0.00000000    0.00021483 -0.00147244   -0.00000000 -0.00000000
 -0.01560713 -0.00418099   -0.00000000  0.00000000    0.01610766 -0.01492628
    2    1
  0.00151035  0.02981013    0.00000000  0.00000000   -0.01560713  0.00418099
  0.00000000  0.00000000    0.00021483  0.00147244   -0.00000000  0.00000000
 -0.01560713  0.00418099   -0.00000000 -0.00000000    0.01610766  0.01492628
    2    2
  0.00595444  0.00000000    0.00000000  0.00000000    0.01229082  0.00152811
  0.00000000  0.00000000   -0.00586362  0.00000000   -0.00000000  0.00000000
  0.01229082 -0.00152811    0.00000000  0.00000000    0.07388173  0.00000000

     Diagonalizing the dynamical matrix

     q = (   -0.000000000   0.372938824  -0.261880471 ) 

 **************************************************************************
     freq (    1) =      -2.149146 [THz] =     -71.687785 [cm-1]
 ( -0.000000 -0.000000  0.030890  0.688616  0.108097 -0.114753 ) 
 (  0.000000  0.000000 -0.480063 -0.494657  0.157649  0.000000 ) 
     freq (    2) =      -1.096262 [THz] =     -36.567351 [cm-1]
 ( -0.083930 -0.702108  0.000000 -0.000000 -0.000000  0.000000 ) 
 (  0.501026  0.498972  0.000000  0.000000  0.000000  0.000000 ) 
     freq (    3) =      -0.845747 [THz] =     -28.211080 [cm-1]
 (  0.171783 -0.685923  0.000000 -0.000000 -0.000000 -0.000000 ) 
 ( -0.290320 -0.644759 -0.000000  0.000000  0.000000  0.000000 ) 
     freq (    4) =       1.978203 [THz] =      65.985750 [cm-1]
 (  0.000000 -0.000000 -0.594165  0.153750  0.031820 -0.349738 ) 
 (  0.000000  0.000000 -0.206953  0.577790  0.351183  0.000000 ) 
     freq (    5) =       3.260787 [THz] =     108.768132 [cm-1]
 (  0.000000  0.000000  0.174168 -0.310620 -0.380415 -0.477980 ) 
 ( -0.000000  0.000000  0.134582 -0.329707  0.610885  0.000000 ) 
     freq (    6) =       4.021792 [THz] =     134.152540 [cm-1]
 ( -0.000000  0.000000  0.140776  0.039314  0.295119  0.625732 ) 
 (  0.000000 -0.000000  0.095609  0.110555  0.691836  0.000000 ) 
 **************************************************************************
