Dynamical matrix file
BETA-TIN PHONONS                                                           
  1    2  0 10.5638179  1.0000000  0.4746934  0.0000000  0.0000000  0.0000000
Basis vectors
     -0.670351232    0.670351232    0.318211331
      0.670351232   -0.670351232    0.318211331
      0.670351232    0.670351232   -0.318211331
           1  'Ge  '    66207.3097484883     
    1    1     -0.0000000000      1.0055268480      0.0795528329
    2    1      0.6703512320     -0.3351756160      0.2386584986

     Dynamical  Matrix in cartesian axes

     q = (   -0.745877648  -0.124312941  -0.261880471 ) 

    1    1
  0.00153011  0.00000000    0.00000000  0.00000000    0.00000000  0.00000000
  0.00000000  0.00000000    0.03017456  0.00000000   -0.00432756 -0.00822169
 -0.00000000  0.00000000   -0.00432756  0.00822169    0.02299804  0.00000000
    1    2
  0.00236423 -0.00855802    0.00000000 -0.00000000    0.00000000  0.00000000
 -0.00000000 -0.00000000    0.04502774 -0.02681817   -0.00858644 -0.01044321
  0.00000000  0.00000000   -0.00858644 -0.01044321   -0.00994424 -0.03608945
    2    1
  0.00236423  0.00855802    0.00000000  0.00000000    0.00000000  0.00000000
 -0.00000000  0.00000000    0.04502774  0.02681817   -0.00858644  0.01044321
  0.00000000 -0.00000000   -0.00858644  0.01044321   -0.00994424  0.03608945
    2    2
  0.00153011  0.00000000    0.00000000  0.00000000    0.00000000  0.00000000
  0.00000000  0.00000000    0.03017456  0.00000000   -0.00432756  0.00822169
 -0.00000000  0.00000000   -0.00432756 -0.00822169    0.02299804  0.00000000

     Dynamical  Matrix in cartesian axes

     q = (   -0.745877648   0.124312941  -0.261880471 ) 

    1    1
  0.00153011  0.00000000    0.00000000  0.00000000    0.00000000  0.00000000
  0.00000000  0.00000000    0.03017456  0.00000000    0.00432756  0.00822169
  0.00000000  0.00000000    0.00432756 -0.00822169    0.02299804  0.00000000
    1    2
  0.00622935  0.00632650    0.00000000  0.00000000    0.00000000 -0.00000000
  0.00000000 -0.00000000    0.00071135  0.05240425   -0.01333730  0.00221447
  0.00000000 -0.00000000   -0.01333730  0.00221447    0.03622650  0.00943276
    2    1
  0.00622935 -0.00632650    0.00000000  0.00000000    0.00000000  0.00000000
  0.00000000  0.00000000    0.00071135 -0.05240425   -0.01333730 -0.00221447
  0.00000000  0.00000000   -0.01333730 -0.00221447    0.03622650 -0.00943276
    2    2
  0.00153011  0.00000000    0.00000000  0.00000000    0.00000000  0.00000000
  0.00000000  0.00000000    0.03017456  0.00000000    0.00432756 -0.00822169
  0.00000000  0.00000000    0.00432756  0.00822169    0.02299804  0.00000000

     Dynamical  Matrix in cartesian axes

     q = (    0.124312941  -0.745877648  -0.261880471 ) 

    1    1
  0.03017456  0.00000000    0.00000000  0.00000000    0.00432756 -0.00822169
  0.00000000  0.00000000    0.00153011  0.00000000   -0.00000000  0.00000000
  0.00432756  0.00822169    0.00000000  0.00000000    0.02299804  0.00000000
    1    2
 -0.04573909  0.02558608    0.00000000 -0.00000000    0.00475086  0.01265768
  0.00000000  0.00000000   -0.00859358 -0.00223153   -0.00000000  0.00000000
  0.00475086  0.01265768   -0.00000000  0.00000000   -0.02628227 -0.02665669
    2    1
 -0.04573909 -0.02558608    0.00000000  0.00000000    0.00475086 -0.01265768
  0.00000000 -0.00000000   -0.00859358  0.00223153   -0.00000000 -0.00000000
  0.00475086 -0.01265768   -0.00000000  0.00000000   -0.02628227  0.02665669
    2    2
  0.03017456  0.00000000    0.00000000  0.00000000    0.00432756  0.00822169
  0.00000000  0.00000000    0.00153011  0.00000000   -0.00000000  0.00000000
  0.00432756 -0.00822169    0.00000000  0.00000000    0.02299804  0.00000000

     Dynamical  Matrix in cartesian axes

     q = (   -0.124312941   0.745877648  -0.261880471 ) 

    1    1
  0.03017456  0.00000000    0.00000000  0.00000000   -0.00432756  0.00822169
  0.00000000  0.00000000    0.00153011  0.00000000    0.00000000  0.00000000
 -0.00432756 -0.00822169   -0.00000000  0.00000000    0.02299804  0.00000000
    1    2
 -0.04502774 -0.02681817    0.00000000  0.00000000    0.00858644 -0.01044321
  0.00000000  0.00000000   -0.00236423 -0.00855802    0.00000000  0.00000000
  0.00858644 -0.01044321    0.00000000  0.00000000    0.00994424 -0.03608945
    2    1
 -0.04502774  0.02681817    0.00000000 -0.00000000    0.00858644  0.01044321
  0.00000000  0.00000000   -0.00236423  0.00855802    0.00000000 -0.00000000
  0.00858644  0.01044321    0.00000000 -0.00000000    0.00994424  0.03608945
    2    2
  0.03017456  0.00000000    0.00000000  0.00000000   -0.00432756 -0.00822169
  0.00000000  0.00000000    0.00153011  0.00000000    0.00000000  0.00000000
 -0.00432756  0.00822169   -0.00000000  0.00000000    0.02299804  0.00000000

     Dynamical  Matrix in cartesian axes

     q = (    0.745877648  -0.124312941   0.261880471 ) 

    1    1
  0.00153011  0.00000000    0.00000000  0.00000000    0.00000000  0.00000000
  0.00000000  0.00000000    0.03017456  0.00000000    0.00432756 -0.00822169
  0.00000000  0.00000000    0.00432756  0.00822169    0.02299804  0.00000000
    1    2
  0.00622935 -0.00632650    0.00000000  0.00000000    0.00000000  0.00000000
  0.00000000  0.00000000    0.00071135 -0.05240425   -0.01333730 -0.00221447
  0.00000000  0.00000000   -0.01333730 -0.00221447    0.03622650 -0.00943276
    2    1
  0.00622935  0.00632650    0.00000000 -0.00000000    0.00000000 -0.00000000
  0.00000000 -0.00000000    0.00071135  0.05240425   -0.01333730  0.00221447
  0.00000000 -0.00000000   -0.01333730  0.00221447    0.03622650  0.00943276
    2    2
  0.00153011  0.00000000    0.00000000  0.00000000    0.00000000  0.00000000
  0.00000000  0.00000000    0.03017456  0.00000000    0.00432756  0.00822169
  0.00000000  0.00000000    0.00432756 -0.00822169    0.02299804  0.00000000

     Dynamical  Matrix in cartesian axes

     q = (   -0.124312941  -0.745877648   0.261880471 ) 

    1    1
  0.03017456  0.00000000    0.00000000  0.00000000    0.00432756  0.00822169
  0.00000000  0.00000000    0.00153011  0.00000000   -0.00000000  0.00000000
  0.00432756 -0.00822169    0.00000000  0.00000000    0.02299804  0.00000000
    1    2
 -0.04573909 -0.02558608    0.00000000  0.00000000    0.00475086 -0.01265768
  0.00000000  0.00000000   -0.00859358  0.00223153   -0.00000000  0.00000000
  0.00475086 -0.01265768   -0.00000000  0.00000000   -0.02628227  0.02665669
    2    1
 -0.04573909  0.02558608    0.00000000 -0.00000000    0.00475086  0.01265768
  0.00000000  0.00000000   -0.00859358 -0.00223153   -0.00000000 -0.00000000
  0.00475086  0.01265768   -0.00000000 -0.00000000   -0.02628227 -0.02665669
    2    2
  0.03017456  0.00000000    0.00000000  0.00000000    0.00432756 -0.00822169
  0.00000000  0.00000000    0.00153011  0.00000000   -0.00000000  0.00000000
  0.00432756  0.00822169    0.00000000  0.00000000    0.02299804  0.00000000

     Dynamical  Matrix in cartesian axes

     q = (    0.745877648   0.124312941   0.261880471 ) 

    1    1
  0.00153011  0.00000000    0.00000000  0.00000000    0.00000000  0.00000000
  0.00000000  0.00000000    0.03017456  0.00000000   -0.00432756  0.00822169
 -0.00000000  0.00000000   -0.00432756 -0.00822169    0.02299804  0.00000000
    1    2
  0.00236423  0.00855802    0.00000000  0.00000000    0.00000000  0.00000000
 -0.00000000  0.00000000    0.04502774  0.02681817   -0.00858644  0.01044321
  0.00000000 -0.00000000   -0.00858644  0.01044321   -0.00994424  0.03608945
    2    1
  0.00236423 -0.00855802    0.00000000 -0.00000000    0.00000000  0.00000000
 -0.00000000 -0.00000000    0.04502774 -0.02681817   -0.00858644 -0.01044321
  0.00000000  0.00000000   -0.00858644 -0.01044321   -0.00994424 -0.03608945
    2    2
  0.00153011  0.00000000    0.00000000  0.00000000    0.00000000  0.00000000
  0.00000000  0.00000000    0.03017456  0.00000000   -0.00432756 -0.00822169
 -0.00000000  0.00000000   -0.00432756  0.00822169    0.02299804  0.00000000

     Dynamical  Matrix in cartesian axes

     q = (    0.124312941   0.745877648   0.261880471 ) 

    1    1
  0.03017456  0.00000000    0.00000000  0.00000000   -0.00432756 -0.00822169
  0.00000000  0.00000000    0.00153011  0.00000000    0.00000000  0.00000000
 -0.00432756  0.00822169   -0.00000000  0.00000000    0.02299804  0.00000000
    1    2
 -0.04502774  0.02681817    0.00000000  0.00000000    0.00858644  0.01044321
  0.00000000  0.00000000   -0.00236423  0.00855802    0.00000000  0.00000000
  0.00858644  0.01044321    0.00000000 -0.00000000    0.00994424  0.03608945
    2    1
 -0.04502774 -0.02681817    0.00000000 -0.00000000    0.00858644 -0.01044321
  0.00000000  0.00000000   -0.00236423 -0.00855802    0.00000000  0.00000000
  0.00858644 -0.01044321    0.00000000  0.00000000    0.00994424 -0.03608945
    2    2
  0.03017456  0.00000000    0.00000000  0.00000000   -0.00432756  0.00822169
  0.00000000  0.00000000    0.00153011  0.00000000    0.00000000  0.00000000
 -0.00432756 -0.00822169   -0.00000000  0.00000000    0.02299804  0.00000000

     Diagonalizing the dynamical matrix

     q = (   -0.745877648  -0.124312941  -0.261880471 ) 

 **************************************************************************
     freq (    1) =      -2.413185 [THz] =     -80.495200 [cm-1]
 ( -0.000000 -0.000000  0.060306 -0.565003 -0.277011 -0.316859 ) 
 ( -0.000000  0.000000 -0.385675  0.417276 -0.420874  0.000000 ) 
     freq (    2) =      -1.096026 [THz] =     -36.559486 [cm-1]
 ( -0.704866  0.056251  0.000000  0.000000  0.000000 -0.000000 ) 
 (  0.241915  0.664437 -0.000000 -0.000000 -0.000000  0.000000 ) 
     freq (    3) =      -0.876020 [THz] =     -29.220877 [cm-1]
 ( -0.000000  0.000000 -0.251391  0.316030  0.035970 -0.579339 ) 
 (  0.000000 -0.000000  0.331001 -0.231324 -0.580455  0.000000 ) 
     freq (    4) =       1.304429 [THz] =      43.511055 [cm-1]
 ( -0.699645  0.102452  0.000000 -0.000000  0.000000  0.000000 ) 
 ( -0.285058 -0.647103 -0.000000  0.000000  0.000000  0.000000 ) 
     freq (    5) =       3.214288 [THz] =     107.217122 [cm-1]
 (  0.000000  0.000000  0.089666  0.121701  0.149977  0.674282 ) 
 ( -0.000000 -0.000000 -0.138266 -0.061103 -0.690760  0.000000 ) 
     freq (    6) =       3.693740 [THz] =     123.209905 [cm-1]
 (  0.000000 -0.000000  0.625109 -0.316939 -0.084162  0.041295 ) 
 (  0.000000  0.000000  0.700805  0.009176 -0.093747  0.000000 ) 
 **************************************************************************
