Dynamical matrix file
BETA-TIN PHONONS                                                           
  1    2  0 10.5638179  1.0000000  0.4746934  0.0000000  0.0000000  0.0000000
Basis vectors
     -0.670351232    0.670351232    0.318211331
      0.670351232   -0.670351232    0.318211331
      0.670351232    0.670351232   -0.318211331
           1  'Ge  '    66207.3097484883     
    1    1     -0.0000000000      1.0055268480      0.0795528329
    2    1      0.6703512320     -0.3351756160      0.2386584986

     Dynamical  Matrix in cartesian axes

     q = (   -0.745877648  -0.248625883  -0.523760942 ) 

    1    1
 -0.00051235  0.00000000   -0.00000000  0.00000000   -0.00000000  0.00000000
 -0.00000000  0.00000000   -0.01029750  0.00000000    0.00782440 -0.00600178
 -0.00000000  0.00000000    0.00782440  0.00600178    0.11743457  0.00000000
    1    2
  0.00787040  0.01027484   -0.00000000  0.00000000   -0.00000000  0.00000000
 -0.00000000  0.00000000   -0.01478148 -0.00948704   -0.01175343  0.02026805
 -0.00000000  0.00000000   -0.01175343  0.02026805   -0.03004957  0.01869889
    2    1
  0.00787040 -0.01027484   -0.00000000 -0.00000000   -0.00000000 -0.00000000
 -0.00000000 -0.00000000   -0.01478148  0.00948704   -0.01175343 -0.02026805
 -0.00000000  0.00000000   -0.01175343 -0.02026805   -0.03004957 -0.01869889
    2    2
 -0.00051235  0.00000000   -0.00000000  0.00000000   -0.00000000  0.00000000
 -0.00000000  0.00000000   -0.01029750  0.00000000    0.00782440  0.00600178
 -0.00000000  0.00000000    0.00782440 -0.00600178    0.11743457  0.00000000

     Dynamical  Matrix in cartesian axes

     q = (    0.745877648   0.248625883  -0.523760942 ) 

    1    1
 -0.00051235  0.00000000   -0.00000000  0.00000000   -0.00000000  0.00000000
 -0.00000000  0.00000000   -0.01029750  0.00000000   -0.00782440  0.00600178
 -0.00000000  0.00000000   -0.00782440 -0.00600178    0.11743457  0.00000000
    1    2
  0.00496308 -0.01195339    0.00000000 -0.00000000    0.00000000  0.00000000
  0.00000000 -0.00000000   -0.00082528  0.01754466   -0.02342937 -0.00004474
  0.00000000  0.00000000   -0.02342937 -0.00004474    0.03121850  0.01667425
    2    1
  0.00496308  0.01195339    0.00000000  0.00000000    0.00000000  0.00000000
  0.00000000  0.00000000   -0.00082528 -0.01754466   -0.02342937  0.00004474
  0.00000000  0.00000000   -0.02342937  0.00004474    0.03121850 -0.01667425
    2    2
 -0.00051235  0.00000000   -0.00000000  0.00000000   -0.00000000  0.00000000
 -0.00000000  0.00000000   -0.01029750  0.00000000   -0.00782440 -0.00600178
 -0.00000000  0.00000000   -0.00782440  0.00600178    0.11743457  0.00000000

     Dynamical  Matrix in cartesian axes

     q = (    0.248625883   0.745877648  -0.523760942 ) 

    1    1
 -0.01029750  0.00000000   -0.00000000  0.00000000   -0.00782440 -0.00600178
 -0.00000000  0.00000000   -0.00051235  0.00000000   -0.00000000  0.00000000
 -0.00782440  0.00600178   -0.00000000  0.00000000    0.11743457  0.00000000
    1    2
 -0.01560676 -0.00805761    0.00000000  0.00000000   -0.01167593  0.02031280
  0.00000000  0.00000000    0.01283347  0.00167854    0.00000000  0.00000000
 -0.01167593  0.02031280    0.00000000  0.00000000    0.00116893 -0.03537314
    2    1
 -0.01560676  0.00805761    0.00000000 -0.00000000   -0.01167593 -0.02031280
  0.00000000 -0.00000000    0.01283347 -0.00167854    0.00000000 -0.00000000
 -0.01167593 -0.02031280    0.00000000 -0.00000000    0.00116893  0.03537314
    2    2
 -0.01029750  0.00000000   -0.00000000  0.00000000   -0.00782440  0.00600178
 -0.00000000  0.00000000   -0.00051235  0.00000000   -0.00000000  0.00000000
 -0.00782440 -0.00600178   -0.00000000  0.00000000    0.11743457  0.00000000

     Dynamical  Matrix in cartesian axes

     q = (    0.745877648  -0.248625883   0.523760942 ) 

    1    1
 -0.00051235  0.00000000   -0.00000000  0.00000000   -0.00000000  0.00000000
 -0.00000000  0.00000000   -0.01029750  0.00000000   -0.00782440 -0.00600178
 -0.00000000  0.00000000   -0.00782440  0.00600178    0.11743457  0.00000000
    1    2
  0.00496308  0.01195339    0.00000000  0.00000000    0.00000000  0.00000000
  0.00000000  0.00000000   -0.00082528 -0.01754466   -0.02342937  0.00004474
 -0.00000000 -0.00000000   -0.02342937  0.00004474    0.03121850 -0.01667425
    2    1
  0.00496308 -0.01195339    0.00000000  0.00000000    0.00000000  0.00000000
  0.00000000 -0.00000000   -0.00082528  0.01754466   -0.02342937 -0.00004474
 -0.00000000  0.00000000   -0.02342937 -0.00004474    0.03121850  0.01667425
    2    2
 -0.00051235  0.00000000   -0.00000000  0.00000000   -0.00000000  0.00000000
 -0.00000000  0.00000000   -0.01029750  0.00000000   -0.00782440  0.00600178
 -0.00000000  0.00000000   -0.00782440 -0.00600178    0.11743457  0.00000000

     Dynamical  Matrix in cartesian axes

     q = (   -0.248625883   0.745877648  -0.523760942 ) 

    1    1
 -0.01029750  0.00000000   -0.00000000  0.00000000    0.00782440  0.00600178
 -0.00000000  0.00000000   -0.00051235  0.00000000   -0.00000000  0.00000000
  0.00782440 -0.00600178   -0.00000000  0.00000000    0.11743457  0.00000000
    1    2
  0.01478148 -0.00948704    0.00000000 -0.00000000    0.01175343  0.02026805
  0.00000000 -0.00000000   -0.00787040  0.01027484    0.00000000  0.00000000
  0.01175343  0.02026805    0.00000000  0.00000000    0.03004957  0.01869889
    2    1
  0.01478148  0.00948704    0.00000000  0.00000000    0.01175343 -0.02026805
  0.00000000  0.00000000   -0.00787040 -0.01027484    0.00000000 -0.00000000
  0.01175343 -0.02026805    0.00000000 -0.00000000    0.03004957 -0.01869889
    2    2
 -0.01029750  0.00000000   -0.00000000  0.00000000    0.00782440 -0.00600178
 -0.00000000  0.00000000   -0.00051235  0.00000000   -0.00000000  0.00000000
  0.00782440  0.00600178   -0.00000000  0.00000000    0.11743457  0.00000000

     Dynamical  Matrix in cartesian axes

     q = (   -0.248625883  -0.745877648   0.523760942 ) 

    1    1
 -0.01029750  0.00000000   -0.00000000  0.00000000   -0.00782440  0.00600178
 -0.00000000  0.00000000   -0.00051235  0.00000000   -0.00000000  0.00000000
 -0.00782440 -0.00600178   -0.00000000  0.00000000    0.11743457  0.00000000
    1    2
 -0.01560676  0.00805761    0.00000000 -0.00000000   -0.01167593 -0.02031280
  0.00000000 -0.00000000    0.01283347 -0.00167854    0.00000000 -0.00000000
 -0.01167593 -0.02031280    0.00000000 -0.00000000    0.00116893  0.03537314
    2    1
 -0.01560676 -0.00805761    0.00000000  0.00000000   -0.01167593  0.02031280
  0.00000000  0.00000000    0.01283347  0.00167854    0.00000000  0.00000000
 -0.01167593  0.02031280    0.00000000  0.00000000    0.00116893 -0.03537314
    2    2
 -0.01029750  0.00000000   -0.00000000  0.00000000   -0.00782440 -0.00600178
 -0.00000000  0.00000000   -0.00051235  0.00000000   -0.00000000  0.00000000
 -0.00782440  0.00600178   -0.00000000  0.00000000    0.11743457  0.00000000

     Dynamical  Matrix in cartesian axes

     q = (    0.745877648   0.248625883   0.523760942 ) 

    1    1
 -0.00051235  0.00000000   -0.00000000  0.00000000   -0.00000000  0.00000000
 -0.00000000  0.00000000   -0.01029750  0.00000000    0.00782440  0.00600178
 -0.00000000  0.00000000    0.00782440 -0.00600178    0.11743457  0.00000000
    1    2
  0.00787040 -0.01027484   -0.00000000 -0.00000000   -0.00000000 -0.00000000
 -0.00000000 -0.00000000   -0.01478148  0.00948704   -0.01175343 -0.02026805
 -0.00000000  0.00000000   -0.01175343 -0.02026805   -0.03004957 -0.01869889
    2    1
  0.00787040  0.01027484   -0.00000000  0.00000000   -0.00000000  0.00000000
 -0.00000000  0.00000000   -0.01478148 -0.00948704   -0.01175343  0.02026805
 -0.00000000  0.00000000   -0.01175343  0.02026805   -0.03004957  0.01869889
    2    2
 -0.00051235  0.00000000   -0.00000000  0.00000000   -0.00000000  0.00000000
 -0.00000000  0.00000000   -0.01029750  0.00000000    0.00782440 -0.00600178
 -0.00000000  0.00000000    0.00782440  0.00600178    0.11743457  0.00000000

     Dynamical  Matrix in cartesian axes

     q = (    0.248625883   0.745877648   0.523760942 ) 

    1    1
 -0.01029750  0.00000000   -0.00000000  0.00000000    0.00782440 -0.00600178
 -0.00000000  0.00000000   -0.00051235  0.00000000   -0.00000000  0.00000000
  0.00782440  0.00600178   -0.00000000  0.00000000    0.11743457  0.00000000
    1    2
  0.01478148  0.00948704    0.00000000 -0.00000000    0.01175343 -0.02026805
  0.00000000  0.00000000   -0.00787040 -0.01027484    0.00000000  0.00000000
  0.01175343 -0.02026805    0.00000000 -0.00000000    0.03004957 -0.01869889
    2    1
  0.01478148 -0.00948704    0.00000000  0.00000000    0.01175343  0.02026805
  0.00000000  0.00000000   -0.00787040  0.01027484    0.00000000  0.00000000
  0.01175343  0.02026805    0.00000000  0.00000000    0.03004957  0.01869889
    2    2
 -0.01029750  0.00000000   -0.00000000  0.00000000    0.00782440  0.00600178
 -0.00000000  0.00000000   -0.00051235  0.00000000   -0.00000000  0.00000000
  0.00782440 -0.00600178   -0.00000000  0.00000000    0.11743457  0.00000000

     Diagonalizing the dynamical matrix

     q = (   -0.745877648  -0.248625883  -0.523760942 ) 

 **************************************************************************
     freq (    1) =      -2.330452 [THz] =     -77.735496 [cm-1]
 (  0.000000 -0.000000 -0.297063  0.629910  0.119202  0.027537 ) 
 ( -0.000000 -0.000000  0.147659  0.680609 -0.122342  0.000000 ) 
     freq (    2) =      -1.483085 [THz] =     -49.470393 [cm-1]
 (  0.499163  0.500836  0.000000  0.000000 -0.000000 -0.000000 ) 
 ( -0.701134  0.091714 -0.000000 -0.000000  0.000000  0.000000 ) 
     freq (    3) =       0.833617 [THz] =      27.806476 [cm-1]
 ( -0.000000 -0.000000 -0.399129  0.571026 -0.102733 -0.063806 ) 
 ( -0.000000  0.000000 -0.037779 -0.695663 -0.120935  0.000000 ) 
     freq (    4) =       1.425493 [THz] =      47.549333 [cm-1]
 ( -0.198348 -0.678718  0.000000 -0.000000 -0.000000  0.000000 ) 
 ( -0.659425 -0.255261 -0.000000  0.000000  0.000000  0.000000 ) 
     freq (    5) =       3.710961 [THz] =     123.784324 [cm-1]
 ( -0.000000 -0.000000 -0.051784  0.100265  0.592679 -0.368777 ) 
 (  0.000000  0.000000 -0.096937 -0.057774  0.698044  0.000000 ) 
     freq (    6) =       5.098308 [THz] =     170.061238 [cm-1]
 ( -0.000000 -0.000000 -0.069725  0.109529 -0.592096  0.364093 ) 
 ( -0.000000 -0.000000  0.116767  0.056778  0.695084  0.000000 ) 
 **************************************************************************
