Dynamical matrix file
BETA-TIN PHONONS                                                           
  1    2  0 10.5638179  1.0000000  0.4746934  0.0000000  0.0000000  0.0000000
Basis vectors
     -0.670351232    0.670351232    0.318211331
      0.670351232   -0.670351232    0.318211331
      0.670351232    0.670351232   -0.318211331
           1  'Ge  '    66207.3097484883     
    1    1     -0.0000000000      1.0055268480      0.0795528329
    2    1      0.6703512320     -0.3351756160      0.2386584986

     Dynamical  Matrix in cartesian axes

     q = (    0.372938824   0.372938824   0.523760942 ) 

    1    1
  0.23622678  0.00000000    0.07971798 -0.00144548   -0.00000000  0.00000000
  0.07971798  0.00144548    0.23622678  0.00000000   -0.00000000  0.00000000
 -0.00000000  0.00000000   -0.00000000  0.00000000    0.08444164  0.00000000
    1    2
  0.00000000  0.00000000    0.00000000  0.00000000   -0.00430518  0.03792048
  0.00000000  0.00000000    0.00000000  0.00000000    0.03499269  0.01523184
 -0.00430518  0.03792048    0.03499269  0.01523184    0.00000000  0.00000000
    2    1
  0.00000000  0.00000000    0.00000000  0.00000000   -0.00430518 -0.03792048
  0.00000000  0.00000000    0.00000000 -0.00000000    0.03499269 -0.01523184
 -0.00430518 -0.03792048    0.03499269 -0.01523184    0.00000000 -0.00000000
    2    2
  0.23622678  0.00000000    0.07971798  0.00144548   -0.00000000  0.00000000
  0.07971798 -0.00144548    0.23622678  0.00000000   -0.00000000  0.00000000
 -0.00000000  0.00000000   -0.00000000  0.00000000    0.08444164  0.00000000

     Dynamical  Matrix in cartesian axes

     q = (   -0.372938824  -0.372938824  -0.523760942 ) 

    1    1
  0.23622678  0.00000000    0.07971798  0.00144548   -0.00000000  0.00000000
  0.07971798 -0.00144548    0.23622678  0.00000000   -0.00000000  0.00000000
 -0.00000000  0.00000000   -0.00000000  0.00000000    0.08444164  0.00000000
    1    2
 -0.00000000 -0.00000000    0.00000000 -0.00000000   -0.00430518 -0.03792048
  0.00000000  0.00000000    0.00000000 -0.00000000    0.03499269 -0.01523184
 -0.00430518 -0.03792048    0.03499269 -0.01523184   -0.00000000 -0.00000000
    2    1
 -0.00000000  0.00000000    0.00000000  0.00000000   -0.00430518  0.03792048
  0.00000000  0.00000000    0.00000000  0.00000000    0.03499269  0.01523184
 -0.00430518  0.03792048    0.03499269  0.01523184   -0.00000000  0.00000000
    2    2
  0.23622678  0.00000000    0.07971798 -0.00144548   -0.00000000  0.00000000
  0.07971798  0.00144548    0.23622678  0.00000000   -0.00000000  0.00000000
 -0.00000000  0.00000000   -0.00000000  0.00000000    0.08444164  0.00000000

     Dynamical  Matrix in cartesian axes

     q = (   -0.372938824   0.372938824  -0.523760942 ) 

    1    1
  0.23622678  0.00000000   -0.07971798 -0.00144548   -0.00000000  0.00000000
 -0.07971798  0.00144548    0.23622678  0.00000000   -0.00000000  0.00000000
 -0.00000000  0.00000000   -0.00000000  0.00000000    0.08444164  0.00000000
    1    2
 -0.00000000  0.00000000   -0.00000000 -0.00000000   -0.00430518 -0.03792048
 -0.00000000  0.00000000    0.00000000 -0.00000000   -0.03499269  0.01523184
 -0.00430518 -0.03792048   -0.03499269  0.01523184    0.00000000  0.00000000
    2    1
 -0.00000000 -0.00000000   -0.00000000  0.00000000   -0.00430518  0.03792048
 -0.00000000  0.00000000    0.00000000  0.00000000   -0.03499269 -0.01523184
 -0.00430518  0.03792048   -0.03499269 -0.01523184    0.00000000  0.00000000
    2    2
  0.23622678  0.00000000   -0.07971798  0.00144548   -0.00000000  0.00000000
 -0.07971798 -0.00144548    0.23622678  0.00000000   -0.00000000  0.00000000
 -0.00000000  0.00000000   -0.00000000  0.00000000    0.08444164  0.00000000

     Dynamical  Matrix in cartesian axes

     q = (    0.372938824  -0.372938824   0.523760942 ) 

    1    1
  0.23622678  0.00000000   -0.07971798  0.00144548   -0.00000000  0.00000000
 -0.07971798 -0.00144548    0.23622678  0.00000000   -0.00000000  0.00000000
 -0.00000000  0.00000000   -0.00000000  0.00000000    0.08444164  0.00000000
    1    2
 -0.00000000 -0.00000000    0.00000000  0.00000000   -0.00430518  0.03792048
  0.00000000 -0.00000000    0.00000000  0.00000000   -0.03499269 -0.01523184
 -0.00430518  0.03792048   -0.03499269 -0.01523184   -0.00000000  0.00000000
    2    1
 -0.00000000  0.00000000    0.00000000 -0.00000000   -0.00430518 -0.03792048
  0.00000000  0.00000000    0.00000000 -0.00000000   -0.03499269  0.01523184
 -0.00430518 -0.03792048   -0.03499269  0.01523184   -0.00000000  0.00000000
    2    2
  0.23622678  0.00000000   -0.07971798 -0.00144548   -0.00000000  0.00000000
 -0.07971798  0.00144548    0.23622678  0.00000000   -0.00000000  0.00000000
 -0.00000000  0.00000000   -0.00000000  0.00000000    0.08444164  0.00000000

     Diagonalizing the dynamical matrix

     q = (    0.372938824   0.372938824   0.523760942 ) 

 **************************************************************************
     freq (    1) =       3.270715 [THz] =     109.099318 [cm-1]
 (  0.064877 -0.097176 -0.116596  0.007597  0.256355  0.790324 ) 
 ( -0.144204  0.182589 -0.057246 -0.225514  0.417250  0.000000 ) 
     freq (    2) =       3.270715 [THz] =     109.099318 [cm-1]
 ( -0.129188  0.193505  0.232174 -0.015127  0.128739  0.396893 ) 
 ( -0.072418  0.091695 -0.028748 -0.113251 -0.830861  0.000000 ) 
     freq (    3) =       5.233199 [THz] =     174.560718 [cm-1]
 ( -0.301706  0.139951  0.272054 -0.191310  0.203222  0.189700 ) 
 ( -0.218630 -0.538798  0.119462  0.569061  0.159011  0.000000 ) 
     freq (    4) =       5.233199 [THz] =     174.560718 [cm-1]
 (  0.527479 -0.244679 -0.475638  0.334471  0.116238  0.108504 ) 
 ( -0.125051 -0.308180  0.068330  0.325491 -0.278002  0.000000 ) 
     freq (    5) =       7.276880 [THz] =     242.730588 [cm-1]
 ( -0.234351 -0.432237 -0.257153 -0.419072 -0.062274 -0.112353 ) 
 ( -0.491659  0.004571 -0.491199 -0.021755 -0.128457  0.000000 ) 
     freq (    6) =       7.276880 [THz] =     242.730588 [cm-1]
 ( -0.234351 -0.432237 -0.257153 -0.419072  0.062274  0.112353 ) 
 (  0.491659 -0.004571  0.491199  0.021755 -0.128457  0.000000 ) 
 **************************************************************************
