Dynamical matrix file
BETA-TIN PHONONS                                                           
  1    2  0 10.5638179  1.0000000  0.4746934  0.0000000  0.0000000  0.0000000
Basis vectors
     -0.670351232    0.670351232    0.318211331
      0.670351232   -0.670351232    0.318211331
      0.670351232    0.670351232   -0.318211331
           1  'Ge  '    66207.3097484883     
    1    1     -0.0000000000      1.0055268480      0.0795528329
    2    1      0.6703512320     -0.3351756160      0.2386584986

     Dynamical  Matrix in cartesian axes

     q = (    0.000000000   0.248625883   0.000000000 ) 

    1    1
  0.01384349  0.00000000    0.00000000  0.00000000    0.00000000  0.00000000
  0.00000000 -0.00000000    0.05971951 -0.00000000   -0.00000000  0.00944836
  0.00000000  0.00000000    0.00000000 -0.00944836    0.01979226 -0.00000000
    1    2
  0.01117685 -0.01935887    0.00000000  0.00000000   -0.00000000 -0.00000000
  0.00000000  0.00000000    0.00608113 -0.01053283    0.00194673  0.00112395
 -0.00000000 -0.00000000    0.00194673  0.00112395    0.00411234 -0.00712278
    2    1
  0.01117685  0.01935887    0.00000000  0.00000000    0.00000000 -0.00000000
  0.00000000  0.00000000    0.00608113  0.01053283    0.00194673 -0.00112395
  0.00000000 -0.00000000    0.00194673 -0.00112395    0.00411234  0.00712278
    2    2
  0.01384349  0.00000000    0.00000000  0.00000000    0.00000000  0.00000000
  0.00000000  0.00000000    0.05971951  0.00000000   -0.00000000 -0.00944836
  0.00000000 -0.00000000    0.00000000  0.00944836    0.01979226  0.00000000

     Dynamical  Matrix in cartesian axes

     q = (    0.000000000  -0.248625883   0.000000000 ) 

    1    1
  0.01384349  0.00000000   -0.00000000  0.00000000    0.00000000  0.00000000
  0.00000000  0.00000000    0.05971951  0.00000000   -0.00000000 -0.00944836
  0.00000000 -0.00000000    0.00000000  0.00944836    0.01979226  0.00000000
    1    2
  0.01117685  0.01935887    0.00000000  0.00000000    0.00000000 -0.00000000
  0.00000000  0.00000000    0.00608113  0.01053283    0.00194673 -0.00112395
  0.00000000  0.00000000    0.00194673 -0.00112395    0.00411234  0.00712278
    2    1
  0.01117685 -0.01935887    0.00000000  0.00000000   -0.00000000 -0.00000000
  0.00000000  0.00000000    0.00608113 -0.01053283    0.00194673  0.00112395
 -0.00000000  0.00000000    0.00194673  0.00112395    0.00411234 -0.00712278
    2    2
  0.01384349  0.00000000    0.00000000  0.00000000    0.00000000  0.00000000
  0.00000000 -0.00000000    0.05971951 -0.00000000   -0.00000000  0.00944836
  0.00000000  0.00000000    0.00000000 -0.00944836    0.01979226 -0.00000000

     Dynamical  Matrix in cartesian axes

     q = (   -0.248625883   0.000000000   0.000000000 ) 

    1    1
  0.05971951 -0.00000000    0.00000000 -0.00000000    0.00000000  0.00944836
  0.00000000  0.00000000    0.01384349  0.00000000    0.00000000  0.00000000
  0.00000000 -0.00944836    0.00000000  0.00000000    0.01979226  0.00000000
    1    2
 -0.00608113 -0.01053283    0.00000000 -0.00000000    0.00194673 -0.00112395
  0.00000000  0.00000000   -0.01117685 -0.01935887    0.00000000 -0.00000000
  0.00194673 -0.00112395    0.00000000 -0.00000000   -0.00411234 -0.00712278
    2    1
 -0.00608113  0.01053283    0.00000000  0.00000000    0.00194673  0.00112395
 -0.00000000  0.00000000   -0.01117685  0.01935887    0.00000000  0.00000000
  0.00194673  0.00112395    0.00000000  0.00000000   -0.00411234  0.00712278
    2    2
  0.05971951  0.00000000    0.00000000  0.00000000    0.00000000 -0.00944836
 -0.00000000  0.00000000    0.01384349  0.00000000    0.00000000  0.00000000
  0.00000000  0.00944836    0.00000000  0.00000000    0.01979226 -0.00000000

     Dynamical  Matrix in cartesian axes

     q = (    0.248625883  -0.000000000   0.000000000 ) 

    1    1
  0.05971951  0.00000000    0.00000000  0.00000000    0.00000000 -0.00944836
  0.00000000  0.00000000    0.01384349  0.00000000    0.00000000  0.00000000
  0.00000000  0.00944836    0.00000000  0.00000000    0.01979226 -0.00000000
    1    2
 -0.00608113  0.01053283    0.00000000  0.00000000    0.00194673  0.00112395
  0.00000000 -0.00000000   -0.01117685  0.01935887    0.00000000  0.00000000
  0.00194673  0.00112395    0.00000000  0.00000000   -0.00411234  0.00712278
    2    1
 -0.00608113 -0.01053283    0.00000000  0.00000000    0.00194673 -0.00112395
  0.00000000  0.00000000   -0.01117685 -0.01935887    0.00000000 -0.00000000
  0.00194673 -0.00112395   -0.00000000  0.00000000   -0.00411234 -0.00712278
    2    2
  0.05971951 -0.00000000   -0.00000000 -0.00000000    0.00000000  0.00944836
 -0.00000000  0.00000000    0.01384349  0.00000000    0.00000000  0.00000000
  0.00000000 -0.00944836    0.00000000  0.00000000    0.01979226  0.00000000

     Diagonalizing the dynamical matrix

     q = (    0.000000000   0.248625883   0.000000000 ) 

 **************************************************************************
     freq (    1) =      -1.179484 [THz] =     -39.343359 [cm-1]
 (  0.363666 -0.606421 -0.000000  0.000000  0.000000 -0.000000 ) 
 ( -0.707009 -0.011734 -0.000000 -0.000000 -0.000000  0.000000 ) 
     freq (    2) =       1.323784 [THz] =      44.156689 [cm-1]
 ( -0.000000  0.000000 -0.071599 -0.041338  0.351128 -0.608172 ) 
 (  0.000000  0.000000 -0.000000 -0.082675 -0.702257  0.000000 ) 
     freq (    3) =       1.919849 [THz] =      64.039279 [cm-1]
 ( -0.000000  0.000000 -0.259416 -0.149774  0.320262 -0.554710 ) 
 ( -0.000000 -0.000000 -0.000000  0.299547  0.640524  0.000000 ) 
     freq (    4) =       2.432537 [THz] =      81.140702 [cm-1]
 (  0.342499 -0.618623 -0.000000 -0.000000  0.000000 -0.000000 ) 
 (  0.706993 -0.012699  0.000000  0.000000  0.000000  0.000000 ) 
     freq (    5) =       2.944225 [THz] =      98.208790 [cm-1]
 (  0.000000 -0.000000  0.554710  0.320262  0.149774 -0.259416 ) 
 (  0.000000  0.000000 -0.000000 -0.640524  0.299547  0.000000 ) 
     freq (    6) =       3.448080 [THz] =     115.015555 [cm-1]
 (  0.000000 -0.000000 -0.608172 -0.351128 -0.041338  0.071599 ) 
 (  0.000000 -0.000000 -0.000000 -0.702257  0.082675  0.000000 ) 
 **************************************************************************
