Dynamical matrix file
BETA-TIN PHONONS                                                           
  1    2  0 10.5638179  1.0000000  0.4746934  0.0000000  0.0000000  0.0000000
Basis vectors
     -0.670351232    0.670351232    0.318211331
      0.670351232   -0.670351232    0.318211331
      0.670351232    0.670351232   -0.318211331
           1  'Ge  '    66207.3097484883     
    1    1     -0.0000000000      1.0055268480      0.0795528329
    2    1      0.6703512320     -0.3351756160      0.2386584986

     Dynamical  Matrix in cartesian axes

     q = (    0.000000000   0.000000000   0.523760942 ) 

    1    1
  0.05363469  0.00000000    0.00000000  0.00000000    0.00000000  0.00000000
  0.00000000  0.00000000    0.05363469  0.00000000    0.00000000  0.00000000
  0.00000000  0.00000000    0.00000000  0.00000000    0.12184505  0.00000000
    1    2
 -0.07250763  0.02941121   -0.00000000  0.00000000    0.00000000 -0.00000000
 -0.00000000  0.00000000   -0.06172467  0.04808784   -0.00000000  0.00000000
  0.00000000 -0.00000000   -0.00000000  0.00000000   -0.01718625  0.00992248
    2    1
 -0.07250763 -0.02941121    0.00000000  0.00000000   -0.00000000 -0.00000000
  0.00000000  0.00000000   -0.06172467 -0.04808784    0.00000000  0.00000000
  0.00000000 -0.00000000    0.00000000  0.00000000   -0.01718625 -0.00992248
    2    2
  0.05363469  0.00000000    0.00000000  0.00000000    0.00000000  0.00000000
  0.00000000  0.00000000    0.05363469  0.00000000    0.00000000  0.00000000
  0.00000000  0.00000000    0.00000000  0.00000000    0.12184505  0.00000000

     Dynamical  Matrix in cartesian axes

     q = (    0.000000000   0.000000000  -0.523760942 ) 

    1    1
  0.05363469  0.00000000    0.00000000  0.00000000    0.00000000  0.00000000
  0.00000000  0.00000000    0.05363469  0.00000000    0.00000000  0.00000000
  0.00000000  0.00000000    0.00000000  0.00000000    0.12184505  0.00000000
    1    2
 -0.07250763 -0.02941121    0.00000000  0.00000000    0.00000000  0.00000000
 -0.00000000  0.00000000   -0.06172467 -0.04808784    0.00000000  0.00000000
  0.00000000  0.00000000    0.00000000  0.00000000   -0.01718625 -0.00992248
    2    1
 -0.07250763  0.02941121    0.00000000 -0.00000000    0.00000000 -0.00000000
 -0.00000000 -0.00000000   -0.06172467  0.04808784    0.00000000 -0.00000000
  0.00000000 -0.00000000    0.00000000 -0.00000000   -0.01718625  0.00992248
    2    2
  0.05363469  0.00000000    0.00000000  0.00000000    0.00000000  0.00000000
  0.00000000  0.00000000    0.05363469  0.00000000    0.00000000  0.00000000
  0.00000000  0.00000000    0.00000000  0.00000000    0.12184505  0.00000000

     Diagonalizing the dynamical matrix

     q = (    0.000000000   0.000000000   0.523760942 ) 

 **************************************************************************
     freq (    1) =      -2.005792 [THz] =     -66.906029 [cm-1]
 ( -0.300255  0.234323  0.576939 -0.148596  0.000000 -0.000000 ) 
 ( -0.366314  0.104279  0.546446  0.237352 -0.000000  0.000000 ) 
     freq (    2) =      -2.005792 [THz] =     -66.906029 [cm-1]
 (  0.059610 -0.592778  0.186206 -0.332246  0.000000  0.000000 ) 
 (  0.278054 -0.526902  0.351081 -0.147657  0.000000  0.000000 ) 
     freq (    3) =       4.083404 [THz] =     136.207688 [cm-1]
 (  0.000000  0.000000  0.000000 -0.000000  0.612372 -0.353553 ) 
 ( -0.000000  0.000000 -0.000000  0.000000  0.707107  0.000000 ) 
     freq (    4) =       4.643143 [THz] =     154.878569 [cm-1]
 (  0.012042 -0.511533 -0.419634  0.249191 -0.000000  0.000000 ) 
 ( -0.203436  0.469495  0.484178  0.061320  0.000000  0.000000 ) 
     freq (    5) =       4.643143 [THz] =     154.878569 [cm-1]
 (  0.481707  0.078402  0.198342  0.471669  0.000000 -0.000000 ) 
 ( -0.416912 -0.253718  0.133412 -0.493976 -0.000000  0.000000 ) 
     freq (    6) =       4.812732 [THz] =     160.535463 [cm-1]
 ( -0.000000 -0.000000 -0.000000 -0.000000  0.612372 -0.353553 ) 
 (  0.000000  0.000000  0.000000  0.000000 -0.707107  0.000000 ) 
 **************************************************************************
