   1.87476696306856      -2.738806715127786E-002  0.000000000000000E+000
 -1.881319622385484E-019  1.660184576618429E-019 -1.694065894508601E-020
  1.009396495783282E-021 -3.388131789017201E-021 -7.598067651154284E-004
  2.032879073410321E-019  1.423015351387225E-018 -2.669847849745555E-018
 -1.574438949228617E-018  3.208805649983498E-002  1.084202172485504E-019
 -2.114194236346734E-018 -1.517883041479706E-018  7.663306311638428E-018
  4.776811645450691E-003 -1.355252715606881E-019 -1.998338725137236E-020
  8.131516293641283E-020  0.000000000000000E+000 -1.879675320857210E-023
  0.000000000000000E+000  2.222532782754796E-003  3.239901023247699E-020
  3.896351557369782E-020 -5.670885581867541E-019  2.170967513592395E-019
 -4.673127921574086E-003 -1.084202172485504E-019 -1.626303258728257E-018
  4.458781434346637E-018  1.522251619979949E-018  0.888267858918927     
 -1.650847853070423E-015 -2.542337593228190E-017 -5.906281579872014E-002
  4.535552097812768E-017  7.160115876052198E-019  7.500871407975812E-019
 -6.523380329354784E-019  7.702156328268984E-019  6.118909272636505E-004
 -7.051235135006360E-019 -7.415194491040207E-017  1.872762771127827E-017
 -7.686571117310540E-017 -6.334372110192084E-002  7.082883886015917E-017
  0.828784090177428      -8.847089727481716E-016  4.534675586420622E-017
 -4.463976537918551E-002  2.354073967009152E-017 -2.137911158869854E-018
  8.464704726939131E-004 -2.092171379718122E-018  2.625802136488331E-018
  1.090360267378699E-018  9.020562075079397E-017 -3.585611431074007E-002
  8.803721640582296E-017 -1.096399446925966E-016 -4.617536820085122E-017
  0.828784090177427       5.978827103786599E-019  2.360627806497396E-017
 -4.463976537918551E-002  5.571917195526024E-019 -7.222962006100016E-019
 -8.464704726939119E-004 -1.369954509004508E-018 -6.733354128295458E-019
 -2.342162048197892E-017  3.002163370542708E-017  3.585611431074004E-002
  6.234906442875806E-017  2.877837001336867E-017  1.369202621720000E-003
 -1.773311054888584E-018 -1.261457026908793E-020 -7.022520077449668E-019
  4.360249617025363E-019 -7.028516422347408E-019 -5.990120548374450E-004
  6.703534658972883E-019  1.723107526029860E-018 -6.444292591025349E-019
  1.754672406790782E-018  1.486620763133348E-003 -1.650783062887350E-018
  8.571208537952648E-004 -8.978549240895584E-019  1.508353920823095E-018
 -6.152828698476466E-004  1.466743427289228E-018 -1.820697320123119E-018
 -7.553473333053808E-019 -2.615637741121279E-018  1.061340403320393E-003
 -2.537498951737070E-018  3.128092674210131E-018  1.306580383067763E-018
  8.571208537952646E-004 -4.717482738174677E-019  5.139169165911319E-019
  6.152828698476460E-004  1.116588485073401E-018  5.411231372987298E-019
  8.049780696059116E-019 -8.865756596030885E-019 -1.061340403320392E-003
 -1.950128503390083E-018 -9.287996918745450E-019   2.00147939869096     
 -9.720063035204737E-015 -3.110372127457721E-015  3.799856162154729E-015
  1.466129429940507E-014 -1.586301752434020E-002  2.398540266159745E-017
  7.933099883558235E-018 -7.063419315131853E-018 -2.603600911170399E-017
   2.00115916540394      -8.275956640885348E-015  1.293876051940086E-014
  6.331719867739532E-015  2.398722677482445E-017 -9.905433578826483E-003
  2.048635695471841E-017 -3.175604279979207E-017 -1.449799350995645E-017
   2.00115916540394       1.202044193528615E-014  1.577243250009235E-014
  7.935334427555680E-018  2.046524609206549E-017 -9.905433578826464E-003
 -2.855921996981004E-017 -2.964462321746828E-017   2.00066481407748     
 -2.358107203897827E-014 -7.060683373524260E-018 -3.176193076195313E-017
 -2.855715047845721E-017 -8.794363852560480E-003  4.234127350650444E-017
   2.00085322752507      -2.603779279859719E-017 -1.450035702404637E-017
 -2.964255326387468E-017  4.234360054971610E-017 -6.795273334926269E-003
  3.109934795302371E-002 -4.983580102084618E-017 -1.742907832424189E-017
  4.124010098282336E-017  5.066615622918048E-017  1.026956542417013E-002
 -4.273785997039749E-017  7.239438859358329E-017  2.934048153651231E-017
  1.026956542417010E-002  9.019876251184881E-017  5.356244730245965E-017
  2.217614997496304E-002 -1.049180292492526E-016  5.818360552945800E-003
   1.87476696306856      -2.738806715127786E-002  0.000000000000000E+000
  1.881318833418808E-019 -1.660184576618429E-019  3.388131789017201E-021
 -1.009395953053444E-021  3.388131789017201E-021 -7.598067651154285E-004
  2.032879073410321E-019  1.423015351387225E-018 -2.656295322589486E-018
 -1.574440704293896E-018  3.208805649983498E-002  1.084202172485504E-019
 -2.114194236346734E-018 -1.734723475976807E-018  7.771714052050177E-018
  4.776811645450693E-003  2.710505431213761E-020  4.708830902590619E-020
 -8.131516293641283E-020 -2.117582368135751E-022  1.879925199433640E-023
  0.000000000000000E+000  2.222532782754796E-003  3.239901023247699E-020
  3.896351557369782E-020 -5.662415252394998E-019  2.170981226780744E-019
 -4.673127921574087E-003 -1.084202172485504E-019 -1.626303258728257E-018
  4.512991542970912E-018  1.522248502483673E-018  0.888267858918927     
 -1.650847817778559E-015 -2.542341798706487E-017 -5.906281579872014E-002
  4.535552396964787E-017  7.160125595165067E-019 -7.500852961637961E-019
  6.523376178143307E-019 -7.702151016541043E-019 -6.118909272636503E-004
  7.051274834934832E-019  7.415194563127686E-017 -1.872762613141312E-017
  7.686571076096056E-017  6.334372110192082E-002 -7.082545588508916E-017
  0.828784090177428      -8.881784197001252E-016  4.534675586420622E-017
 -4.463976537918552E-002  2.354073967009152E-017  2.137911158869854E-018
 -8.464704726939128E-004  2.088783247929105E-018 -2.625802136488331E-018
 -1.090361797884428E-018 -9.020562075079397E-017  3.585611431074007E-002
 -8.825405684032006E-017  1.096399446925966E-016  4.617536934280307E-017
  0.828784090177427       5.978823753186280E-019  2.360628007798794E-017
 -4.463976537918549E-002 -5.571908263719912E-019  7.189081098482032E-019
  8.464704726939120E-004  1.369953903267134E-018  6.733307370789018E-019
  2.342162160062921E-017 -3.002163326621258E-017 -3.585611431074005E-002
 -6.234906313776924E-017 -2.877836822302181E-017  1.369202621720000E-003
 -1.773311242036954E-018 -1.261459508557402E-020  7.020804477500419E-019
 -4.359219437899693E-019  7.030619819068840E-019  5.990120548374452E-004
 -6.703688864332042E-019 -1.723107683991861E-018  6.444293298542318E-019
 -1.754672354736747E-018 -1.486620763133348E-003  1.649935700622143E-018
  8.571208537952649E-004 -8.910786605115240E-019 -1.508459799941502E-018
  6.152828698476466E-004 -1.465684636105160E-018  1.820697320123119E-018
  7.553778086094377E-019  2.615637741121279E-018 -1.061340403320393E-003
  2.536651918789816E-018 -3.128092674210131E-018 -1.306580672595625E-018
  8.571208537952647E-004  4.717485814088387E-019 -5.139185583590403E-019
 -6.152828698476458E-004 -1.116588543772419E-018 -5.411150020476683E-019
 -8.049781668329185E-019  8.874227510025764E-019  1.061340403320391E-003
  1.950128403265353E-018  9.287995759566375E-019   2.00147939869096     
 -9.720063036073505E-015 -3.110372122828710E-015  3.799854893322484E-015
  1.466129429903245E-014 -1.586301752434020E-002  2.398540404144747E-017
  7.933093026657764E-018 -7.059189371013347E-018 -2.603600621343640E-017
   2.00115916540394      -8.275956640943215E-015  1.293876051966024E-014
  6.331719868161929E-015  2.398722675055267E-017 -9.905433578826483E-003
  2.048635707922386E-017 -3.175604322031872E-017 -1.449799452520622E-017
   2.00115916540394       1.202044193666300E-014  1.577243249807346E-014
  7.935334475615022E-018  2.046524812301639E-017 -9.905433578826468E-003
 -2.855922437617619E-017 -2.964467194777522E-017   2.00066481407748     
 -2.358107204069652E-014 -7.060683997261734E-018 -3.176193109337414E-017
 -2.855715052361521E-017 -8.794363852560478E-003  4.234127664642482E-017
   2.00085322752507      -2.603779279859719E-017 -1.450035702404637E-017
 -2.964260620343388E-017  4.234275351676885E-017 -6.795273334926269E-003
  3.109934795302371E-002 -4.983580095402949E-017 -1.742907961287045E-017
  4.134851570460351E-017  5.066615103971881E-017  1.026956542417013E-002
 -4.273786050868006E-017  7.239438866319662E-017  2.934048105865154E-017
  1.026956542417011E-002  9.019875671358273E-017  5.356244738673750E-017
  2.217614997496304E-002 -1.049180382277348E-016  5.818360552945799E-003
