Dynamical matrix file
YOU NEED TO PUT HERE SOME TITLE :)                                         
  1    2  2 11.0000000  0.0000000  0.0000000  0.0000000  0.0000000  0.0000000
           1  'Ge  '    66207.3097484883     
    1    1      0.0000000000      0.0000000000      0.0000000000
    2    1     -0.2500000000      0.2500000000      0.2500000000

     Dynamical  Matrix in cartesian axes

     q = (    0.250000000   0.000000000   0.250000000 ) 

    1    1
  0.22415319  0.00000000    0.00000000 -0.00045581    0.00137372  0.00000000
  0.00000000  0.00045581    0.22950637  0.00000000    0.00000000  0.00045581
  0.00137372  0.00000000    0.00000000 -0.00045581    0.22415319  0.00000000
    1    2
 -0.18821344  0.00000000    0.00000000  0.03244041    0.01871293  0.00000000
 -0.00000000  0.03259713   -0.19516665  0.00000000   -0.00000000  0.03259713
  0.01871293  0.00000000   -0.00000000  0.03244041   -0.18821344  0.00000000
    2    1
 -0.18821344 -0.00000000    0.00000000 -0.03259713    0.01871293 -0.00000000
 -0.00000000 -0.03244041   -0.19516665  0.00000000   -0.00000000 -0.03244041
  0.01871293 -0.00000000   -0.00000000 -0.03259713   -0.18821344 -0.00000000
    2    2
  0.21919760  0.00000000    0.00000000  0.00031982    0.00184233  0.00000000
  0.00000000 -0.00031982    0.22467819  0.00000000    0.00000000 -0.00031982
  0.00184233  0.00000000    0.00000000  0.00031982    0.21919760  0.00000000

     Dynamical  Matrix in cartesian axes

     q = (   -0.250000000   0.000000000  -0.250000000 ) 

    1    1
  0.22415319  0.00000000   -0.00000000  0.00045581    0.00137372  0.00000000
 -0.00000000 -0.00045581    0.22950637  0.00000000   -0.00000000 -0.00045581
  0.00137372  0.00000000   -0.00000000  0.00045581    0.22415319  0.00000000
    1    2
 -0.18821344  0.00000000    0.00000000 -0.03244041    0.01871293  0.00000000
 -0.00000000 -0.03259713   -0.19516665  0.00000000   -0.00000000 -0.03259713
  0.01871293  0.00000000   -0.00000000 -0.03244041   -0.18821344  0.00000000
    2    1
 -0.18821344 -0.00000000    0.00000000  0.03259713    0.01871293 -0.00000000
 -0.00000000  0.03244041   -0.19516665 -0.00000000   -0.00000000  0.03244041
  0.01871293 -0.00000000   -0.00000000  0.03259713   -0.18821344 -0.00000000
    2    2
  0.21919760  0.00000000    0.00000000 -0.00031982    0.00184233  0.00000000
  0.00000000  0.00031982    0.22467819  0.00000000    0.00000000  0.00031982
  0.00184233  0.00000000    0.00000000 -0.00031982    0.21919760  0.00000000

     Dynamical  Matrix in cartesian axes

     q = (    0.000000000  -0.250000000   0.250000000 ) 

    1    1
  0.22950637  0.00000000    0.00000000  0.00045581   -0.00000000 -0.00045581
  0.00000000 -0.00045581    0.22415319  0.00000000   -0.00137372  0.00000000
 -0.00000000  0.00045581   -0.00137372  0.00000000    0.22415319  0.00000000
    1    2
 -0.19516665  0.00000000   -0.00000000  0.03259713    0.00000000 -0.03259713
  0.00000000  0.03244041   -0.18821344  0.00000000   -0.01871293  0.00000000
  0.00000000 -0.03244041   -0.01871293  0.00000000   -0.18821344  0.00000000
    2    1
 -0.19516665  0.00000000   -0.00000000 -0.03244041    0.00000000  0.03244041
  0.00000000 -0.03259713   -0.18821344 -0.00000000   -0.01871293  0.00000000
  0.00000000  0.03259713   -0.01871293  0.00000000   -0.18821344 -0.00000000
    2    2
  0.22467819  0.00000000    0.00000000 -0.00031982    0.00000000  0.00031982
  0.00000000  0.00031982    0.21919760  0.00000000   -0.00184233  0.00000000
  0.00000000 -0.00031982   -0.00184233  0.00000000    0.21919760  0.00000000

     Dynamical  Matrix in cartesian axes

     q = (   -0.250000000   0.000000000   0.250000000 ) 

    1    1
  0.22415319  0.00000000    0.00000000 -0.00045581   -0.00137372  0.00000000
  0.00000000  0.00045581    0.22950637  0.00000000    0.00000000 -0.00045581
 -0.00137372  0.00000000   -0.00000000  0.00045581    0.22415319  0.00000000
    1    2
 -0.13308700  0.13308700    0.02293884  0.02293884   -0.01323204  0.01323204
  0.02304965  0.02304965   -0.13800366  0.13800366   -0.02304965 -0.02304965
 -0.01323204  0.01323204   -0.02293884 -0.02293884   -0.13308700  0.13308700
    2    1
 -0.13308700 -0.13308700    0.02304965 -0.02304965   -0.01323204 -0.01323204
  0.02293884 -0.02293884   -0.13800366 -0.13800366   -0.02293884  0.02293884
 -0.01323204 -0.01323204   -0.02304965  0.02304965   -0.13308700 -0.13308700
    2    2
  0.21919760  0.00000000    0.00000000  0.00031982   -0.00184233  0.00000000
  0.00000000 -0.00031982    0.22467819  0.00000000    0.00000000  0.00031982
 -0.00184233  0.00000000    0.00000000 -0.00031982    0.21919760  0.00000000

     Dynamical  Matrix in cartesian axes

     q = (    0.250000000   0.000000000  -0.250000000 ) 

    1    1
  0.22415319  0.00000000   -0.00000000  0.00045581   -0.00137372  0.00000000
 -0.00000000 -0.00045581    0.22950637  0.00000000    0.00000000  0.00045581
 -0.00137372  0.00000000    0.00000000 -0.00045581    0.22415319  0.00000000
    1    2
 -0.13308700 -0.13308700    0.02293884 -0.02293884   -0.01323204 -0.01323204
  0.02304965 -0.02304965   -0.13800366 -0.13800366   -0.02304965  0.02304965
 -0.01323204 -0.01323204   -0.02293884  0.02293884   -0.13308700 -0.13308700
    2    1
 -0.13308700  0.13308700    0.02304965  0.02304965   -0.01323204  0.01323204
  0.02293884  0.02293884   -0.13800366  0.13800366   -0.02293884 -0.02293884
 -0.01323204  0.01323204   -0.02304965 -0.02304965   -0.13308700  0.13308700
    2    2
  0.21919760  0.00000000    0.00000000 -0.00031982   -0.00184233  0.00000000
  0.00000000  0.00031982    0.22467819  0.00000000    0.00000000 -0.00031982
 -0.00184233  0.00000000    0.00000000  0.00031982    0.21919760  0.00000000

     Dynamical  Matrix in cartesian axes

     q = (    0.250000000   0.250000000   0.000000000 ) 

    1    1
  0.22415319  0.00000000    0.00137372  0.00000000    0.00000000 -0.00045581
  0.00137372  0.00000000    0.22415319  0.00000000    0.00000000 -0.00045581
  0.00000000  0.00045581    0.00000000  0.00045581    0.22950637  0.00000000
    1    2
 -0.18821344  0.00000000    0.01871293  0.00000000   -0.00000000  0.03244041
  0.01871293  0.00000000   -0.18821344  0.00000000    0.00000000  0.03244041
  0.00000000  0.03259713    0.00000000  0.03259713   -0.19516665  0.00000000
    2    1
 -0.18821344 -0.00000000    0.01871293 -0.00000000   -0.00000000 -0.03259713
  0.01871293 -0.00000000   -0.18821344 -0.00000000    0.00000000 -0.03259713
  0.00000000 -0.03244041    0.00000000 -0.03244041   -0.19516665 -0.00000000
    2    2
  0.21919760  0.00000000    0.00184233  0.00000000    0.00000000  0.00031982
  0.00184233  0.00000000    0.21919760  0.00000000    0.00000000  0.00031982
  0.00000000 -0.00031982    0.00000000 -0.00031982    0.22467819  0.00000000

     Dynamical  Matrix in cartesian axes

     q = (   -0.250000000  -0.250000000   0.000000000 ) 

    1    1
  0.22415319  0.00000000    0.00137372  0.00000000   -0.00000000  0.00045581
  0.00137372  0.00000000    0.22415319  0.00000000   -0.00000000  0.00045581
 -0.00000000 -0.00045581   -0.00000000 -0.00045581    0.22950637  0.00000000
    1    2
 -0.18821344  0.00000000    0.01871293  0.00000000   -0.00000000 -0.03244041
  0.01871293  0.00000000   -0.18821344  0.00000000    0.00000000 -0.03244041
  0.00000000 -0.03259713    0.00000000 -0.03259713   -0.19516665  0.00000000
    2    1
 -0.18821344 -0.00000000    0.01871293 -0.00000000   -0.00000000  0.03259713
  0.01871293 -0.00000000   -0.18821344 -0.00000000    0.00000000  0.03259713
  0.00000000  0.03244041    0.00000000  0.03244041   -0.19516665  0.00000000
    2    2
  0.21919760  0.00000000    0.00184233  0.00000000    0.00000000 -0.00031982
  0.00184233  0.00000000    0.21919760  0.00000000    0.00000000 -0.00031982
  0.00000000  0.00031982    0.00000000  0.00031982    0.22467819  0.00000000

     Dynamical  Matrix in cartesian axes

     q = (   -0.250000000   0.250000000   0.000000000 ) 

    1    1
  0.22415319  0.00000000   -0.00137372  0.00000000    0.00000000 -0.00045581
 -0.00137372  0.00000000    0.22415319  0.00000000    0.00000000  0.00045581
  0.00000000  0.00045581   -0.00000000 -0.00045581    0.22950637  0.00000000
    1    2
 -0.13308700  0.13308700   -0.01323204  0.01323204    0.02293884  0.02293884
 -0.01323204  0.01323204   -0.13308700  0.13308700   -0.02293884 -0.02293884
  0.02304965  0.02304965   -0.02304965 -0.02304965   -0.13800366  0.13800366
    2    1
 -0.13308700 -0.13308700   -0.01323204 -0.01323204    0.02304965 -0.02304965
 -0.01323204 -0.01323204   -0.13308700 -0.13308700   -0.02304965  0.02304965
  0.02293884 -0.02293884   -0.02293884  0.02293884   -0.13800366 -0.13800366
    2    2
  0.21919760  0.00000000   -0.00184233  0.00000000    0.00000000  0.00031982
 -0.00184233  0.00000000    0.21919760  0.00000000    0.00000000 -0.00031982
  0.00000000 -0.00031982    0.00000000  0.00031982    0.22467819  0.00000000

     Dynamical  Matrix in cartesian axes

     q = (    0.000000000   0.250000000   0.250000000 ) 

    1    1
  0.22950637  0.00000000    0.00000000  0.00045581    0.00000000  0.00045581
  0.00000000 -0.00045581    0.22415319  0.00000000    0.00137372  0.00000000
  0.00000000 -0.00045581    0.00137372  0.00000000    0.22415319  0.00000000
    1    2
 -0.13800366  0.13800366    0.02304965  0.02304965    0.02304965  0.02304965
  0.02293884  0.02293884   -0.13308700  0.13308700    0.01323204 -0.01323204
  0.02293884  0.02293884    0.01323204 -0.01323204   -0.13308700  0.13308700
    2    1
 -0.13800366 -0.13800366    0.02293884 -0.02293884    0.02293884 -0.02293884
  0.02304965 -0.02304965   -0.13308700 -0.13308700    0.01323204  0.01323204
  0.02304965 -0.02304965    0.01323204  0.01323204   -0.13308700 -0.13308700
    2    2
  0.22467819  0.00000000    0.00000000 -0.00031982    0.00000000 -0.00031982
  0.00000000  0.00031982    0.21919760  0.00000000    0.00184233  0.00000000
  0.00000000  0.00031982    0.00184233  0.00000000    0.21919760  0.00000000

     Dynamical  Matrix in cartesian axes

     q = (    0.000000000   0.250000000  -0.250000000 ) 

    1    1
  0.22950637  0.00000000   -0.00000000 -0.00045581    0.00000000  0.00045581
 -0.00000000  0.00045581    0.22415319  0.00000000   -0.00137372  0.00000000
  0.00000000 -0.00045581   -0.00137372  0.00000000    0.22415319  0.00000000
    1    2
 -0.19516665  0.00000000   -0.00000000 -0.03259713    0.00000000  0.03259713
  0.00000000 -0.03244041   -0.18821344  0.00000000   -0.01871293  0.00000000
  0.00000000  0.03244041   -0.01871293  0.00000000   -0.18821344  0.00000000
    2    1
 -0.19516665 -0.00000000   -0.00000000  0.03244041    0.00000000 -0.03244041
  0.00000000  0.03259713   -0.18821344 -0.00000000   -0.01871293  0.00000000
  0.00000000 -0.03259713   -0.01871293  0.00000000   -0.18821344 -0.00000000
    2    2
  0.22467819  0.00000000    0.00000000  0.00031982    0.00000000 -0.00031982
  0.00000000 -0.00031982    0.21919760  0.00000000   -0.00184233  0.00000000
  0.00000000  0.00031982   -0.00184233  0.00000000    0.21919760  0.00000000

     Dynamical  Matrix in cartesian axes

     q = (    0.000000000  -0.250000000  -0.250000000 ) 

    1    1
  0.22950637  0.00000000   -0.00000000 -0.00045581   -0.00000000 -0.00045581
 -0.00000000  0.00045581    0.22415319  0.00000000    0.00137372  0.00000000
 -0.00000000  0.00045581    0.00137372  0.00000000    0.22415319  0.00000000
    1    2
 -0.13800366 -0.13800366    0.02304965 -0.02304965    0.02304965 -0.02304965
  0.02293884 -0.02293884   -0.13308700 -0.13308700    0.01323204  0.01323204
  0.02293884 -0.02293884    0.01323204  0.01323204   -0.13308700 -0.13308700
    2    1
 -0.13800366  0.13800366    0.02293884  0.02293884    0.02293884  0.02293884
  0.02304965  0.02304965   -0.13308700  0.13308700    0.01323204 -0.01323204
  0.02304965  0.02304965    0.01323204 -0.01323204   -0.13308700  0.13308700
    2    2
  0.22467819  0.00000000    0.00000000  0.00031982    0.00000000  0.00031982
  0.00000000 -0.00031982    0.21919760  0.00000000    0.00184233  0.00000000
  0.00000000 -0.00031982    0.00184233  0.00000000    0.21919760  0.00000000

     Dynamical  Matrix in cartesian axes

     q = (    0.250000000  -0.250000000   0.000000000 ) 

    1    1
  0.22415319  0.00000000   -0.00137372  0.00000000   -0.00000000  0.00045581
 -0.00137372  0.00000000    0.22415319  0.00000000    0.00000000 -0.00045581
 -0.00000000 -0.00045581    0.00000000  0.00045581    0.22950637  0.00000000
    1    2
 -0.13308700 -0.13308700   -0.01323204 -0.01323204    0.02293884 -0.02293884
 -0.01323204 -0.01323204   -0.13308700 -0.13308700   -0.02293884  0.02293884
  0.02304965 -0.02304965   -0.02304965  0.02304965   -0.13800366 -0.13800366
    2    1
 -0.13308700  0.13308700   -0.01323204  0.01323204    0.02304965  0.02304965
 -0.01323204  0.01323204   -0.13308700  0.13308700   -0.02304965 -0.02304965
  0.02293884  0.02293884   -0.02293884 -0.02293884   -0.13800366  0.13800366
    2    2
  0.21919760  0.00000000   -0.00184233  0.00000000    0.00000000 -0.00031982
 -0.00184233  0.00000000    0.21919760  0.00000000    0.00000000  0.00031982
  0.00000000  0.00031982    0.00000000 -0.00031982    0.22467819  0.00000000

     Diagonalizing the dynamical matrix

     q = (    0.250000000   0.000000000   0.250000000 ) 

 **************************************************************************
     freq (    1) =       1.464679 [THz] =      48.856422 [cm-1]
 (  0.496713 -0.000000 -0.000000 -0.000000 -0.496713 -0.000000 ) 
 (  0.503266 -0.000000  0.000000 -0.000000 -0.503266  0.000000 ) 
     freq (    2) =       2.072510 [THz] =      69.131508 [cm-1]
 (  0.057001  0.000000 -0.000000  0.698172  0.057001  0.000000 ) 
 ( -0.066086  0.000000 -0.000000  0.705211 -0.066086  0.000000 ) 
     freq (    3) =       2.800719 [THz] =      93.421914 [cm-1]
 (  0.493518  0.000000 -0.000000 -0.080838  0.493518  0.000000 ) 
 (  0.498778 -0.000000 -0.000000  0.093732  0.498778  0.000000 ) 
     freq (    4) =       8.070476 [THz] =     269.202089 [cm-1]
 ( -0.499416 -0.000000  0.000000  0.086658 -0.499416 -0.000000 ) 
 (  0.492966 -0.000000 -0.000000  0.087333  0.492966  0.000000 ) 
     freq (    5) =       8.354912 [THz] =     278.689851 [cm-1]
 ( -0.503266  0.000000  0.000000  0.000000  0.503266 -0.000000 ) 
 (  0.496713 -0.000000 -0.000000 -0.000000 -0.496713  0.000000 ) 
     freq (    6) =       8.365165 [THz] =     279.031880 [cm-1]
 ( -0.061436 -0.000000 -0.000000 -0.706053 -0.061436  0.000000 ) 
 ( -0.061950  0.000000  0.000000  0.697326 -0.061950  0.000000 ) 
 **************************************************************************
