Dynamical matrix file
YOU NEED TO PUT HERE SOME TITLE :)                                         
  1    2  2 11.0000000  0.0000000  0.0000000  0.0000000  0.0000000  0.0000000
           1  'Ge  '    66207.3097484883     
    1    1      0.0000000000      0.0000000000      0.0000000000
    2    1     -0.2500000000      0.2500000000      0.2500000000

     Dynamical  Matrix in cartesian axes

     q = (    0.875000000  -0.125000000   0.875000000 ) 

    1    1
  0.18601332  0.00000000   -0.00159863 -0.00404746   -0.00096252  0.00000000
 -0.00159863  0.00404746    0.25917643  0.00000000   -0.00159863  0.00404746
 -0.00096252  0.00000000   -0.00159863 -0.00404746    0.18601332  0.00000000
    1    2
 -0.03362848  0.02542204   -0.00647316  0.00807529    0.12368173  0.02415332
 -0.00639488  0.00802204   -0.04703718  0.03044455   -0.00639488  0.00802204
  0.12368173  0.02415332   -0.00647316  0.00807529   -0.03362848  0.02542204
    2    1
 -0.03362848 -0.02542204   -0.00639488 -0.00802204    0.12368173 -0.02415332
 -0.00647316 -0.00807529   -0.04703718 -0.03044455   -0.00647316 -0.00807529
  0.12368173 -0.02415332   -0.00639488 -0.00802204   -0.03362848 -0.02542204
    2    2
  0.18197046  0.00000000   -0.00177251  0.00432038    0.00069956  0.00000000
 -0.00177251 -0.00432038    0.25511143  0.00000000   -0.00177251 -0.00432038
  0.00069956  0.00000000   -0.00177251  0.00432038    0.18197046  0.00000000

     Dynamical  Matrix in cartesian axes

     q = (   -0.875000000   0.125000000  -0.875000000 ) 

    1    1
  0.18601332  0.00000000   -0.00159863  0.00404746   -0.00096252  0.00000000
 -0.00159863 -0.00404746    0.25917643  0.00000000   -0.00159863 -0.00404746
 -0.00096252  0.00000000   -0.00159863  0.00404746    0.18601332  0.00000000
    1    2
 -0.03362848 -0.02542204   -0.00647316 -0.00807529    0.12368173 -0.02415332
 -0.00639488 -0.00802204   -0.04703718 -0.03044455   -0.00639488 -0.00802204
  0.12368173 -0.02415332   -0.00647316 -0.00807529   -0.03362848 -0.02542204
    2    1
 -0.03362848  0.02542204   -0.00639488  0.00802204    0.12368173  0.02415332
 -0.00647316  0.00807529   -0.04703718  0.03044455   -0.00647316  0.00807529
  0.12368173  0.02415332   -0.00639488  0.00802204   -0.03362848  0.02542204
    2    2
  0.18197046  0.00000000   -0.00177251 -0.00432038    0.00069956  0.00000000
 -0.00177251  0.00432038    0.25511143  0.00000000   -0.00177251  0.00432038
  0.00069956  0.00000000   -0.00177251 -0.00432038    0.18197046  0.00000000

     Dynamical  Matrix in cartesian axes

     q = (   -0.875000000  -0.125000000  -0.875000000 ) 

    1    1
  0.18601332  0.00000000    0.00159863  0.00404746   -0.00096252  0.00000000
  0.00159863 -0.00404746    0.25917643  0.00000000    0.00159863 -0.00404746
 -0.00096252  0.00000000    0.00159863  0.00404746    0.18601332  0.00000000
    1    2
 -0.03362848  0.02542204    0.00647316 -0.00807529    0.12368173  0.02415332
  0.00639488 -0.00802204   -0.04703718  0.03044455    0.00639488 -0.00802204
  0.12368173  0.02415332    0.00647316 -0.00807529   -0.03362848  0.02542204
    2    1
 -0.03362848 -0.02542204    0.00639488  0.00802204    0.12368173 -0.02415332
  0.00647316  0.00807529   -0.04703718 -0.03044455    0.00647316  0.00807529
  0.12368173 -0.02415332    0.00639488  0.00802204   -0.03362848 -0.02542204
    2    2
  0.18197046  0.00000000    0.00177251 -0.00432038    0.00069956  0.00000000
  0.00177251  0.00432038    0.25511143  0.00000000    0.00177251  0.00432038
  0.00069956  0.00000000    0.00177251 -0.00432038    0.18197046  0.00000000

     Dynamical  Matrix in cartesian axes

     q = (    0.875000000   0.125000000   0.875000000 ) 

    1    1
  0.18601332  0.00000000    0.00159863 -0.00404746   -0.00096252  0.00000000
  0.00159863  0.00404746    0.25917643  0.00000000    0.00159863  0.00404746
 -0.00096252  0.00000000    0.00159863 -0.00404746    0.18601332  0.00000000
    1    2
 -0.03362848 -0.02542204    0.00647316  0.00807529    0.12368173 -0.02415332
  0.00639488  0.00802204   -0.04703718 -0.03044455    0.00639488  0.00802204
  0.12368173 -0.02415332    0.00647316  0.00807529   -0.03362848 -0.02542204
    2    1
 -0.03362848  0.02542204    0.00639488 -0.00802204    0.12368173  0.02415332
  0.00647316 -0.00807529   -0.04703718  0.03044455    0.00647316 -0.00807529
  0.12368173  0.02415332    0.00639488 -0.00802204   -0.03362848  0.02542204
    2    2
  0.18197046  0.00000000    0.00177251  0.00432038    0.00069956  0.00000000
  0.00177251 -0.00432038    0.25511143  0.00000000    0.00177251 -0.00432038
  0.00069956  0.00000000    0.00177251  0.00432038    0.18197046  0.00000000

     Dynamical  Matrix in cartesian axes

     q = (    0.125000000  -0.875000000   0.875000000 ) 

    1    1
  0.25917643  0.00000000   -0.00159863  0.00404746    0.00159863 -0.00404746
 -0.00159863 -0.00404746    0.18601332  0.00000000    0.00096252  0.00000000
  0.00159863  0.00404746    0.00096252  0.00000000    0.18601332  0.00000000
    1    2
 -0.04703718  0.03044455   -0.00639488  0.00802204    0.00639488 -0.00802204
 -0.00647316  0.00807529   -0.03362848  0.02542204   -0.12368173 -0.02415332
  0.00647316 -0.00807529   -0.12368173 -0.02415332   -0.03362848  0.02542204
    2    1
 -0.04703718 -0.03044455   -0.00647316 -0.00807529    0.00647316  0.00807529
 -0.00639488 -0.00802204   -0.03362848 -0.02542204   -0.12368173  0.02415332
  0.00639488  0.00802204   -0.12368173  0.02415332   -0.03362848 -0.02542204
    2    2
  0.25511143  0.00000000   -0.00177251 -0.00432038    0.00177251  0.00432038
 -0.00177251  0.00432038    0.18197046  0.00000000   -0.00069956  0.00000000
  0.00177251 -0.00432038   -0.00069956  0.00000000    0.18197046  0.00000000

     Dynamical  Matrix in cartesian axes

     q = (   -0.125000000   0.875000000  -0.875000000 ) 

    1    1
  0.25917643  0.00000000   -0.00159863 -0.00404746    0.00159863  0.00404746
 -0.00159863  0.00404746    0.18601332  0.00000000    0.00096252  0.00000000
  0.00159863 -0.00404746    0.00096252  0.00000000    0.18601332  0.00000000
    1    2
 -0.04703718 -0.03044455   -0.00639488 -0.00802204    0.00639488  0.00802204
 -0.00647316 -0.00807529   -0.03362848 -0.02542204   -0.12368173  0.02415332
  0.00647316  0.00807529   -0.12368173  0.02415332   -0.03362848 -0.02542204
    2    1
 -0.04703718  0.03044455   -0.00647316  0.00807529    0.00647316 -0.00807529
 -0.00639488  0.00802204   -0.03362848  0.02542204   -0.12368173 -0.02415332
  0.00639488 -0.00802204   -0.12368173 -0.02415332   -0.03362848  0.02542204
    2    2
  0.25511143  0.00000000   -0.00177251  0.00432038    0.00177251 -0.00432038
 -0.00177251 -0.00432038    0.18197046  0.00000000   -0.00069956  0.00000000
  0.00177251  0.00432038   -0.00069956  0.00000000    0.18197046  0.00000000

     Dynamical  Matrix in cartesian axes

     q = (   -0.875000000   0.125000000   0.875000000 ) 

    1    1
  0.18601332  0.00000000   -0.00159863 -0.00404746    0.00096252  0.00000000
 -0.00159863  0.00404746    0.25917643  0.00000000    0.00159863 -0.00404746
  0.00096252  0.00000000    0.00159863  0.00404746    0.18601332  0.00000000
    1    2
  0.03362848 -0.02542204    0.00647316 -0.00807529    0.12368173  0.02415332
  0.00639488 -0.00802204    0.04703718 -0.03044455   -0.00639488  0.00802204
  0.12368173  0.02415332   -0.00647316  0.00807529    0.03362848 -0.02542204
    2    1
  0.03362848  0.02542204    0.00639488  0.00802204    0.12368173 -0.02415332
  0.00647316  0.00807529    0.04703718  0.03044455   -0.00647316 -0.00807529
  0.12368173 -0.02415332   -0.00639488 -0.00802204    0.03362848  0.02542204
    2    2
  0.18197046  0.00000000   -0.00177251  0.00432038   -0.00069956  0.00000000
 -0.00177251 -0.00432038    0.25511143  0.00000000    0.00177251  0.00432038
 -0.00069956  0.00000000    0.00177251 -0.00432038    0.18197046  0.00000000

     Dynamical  Matrix in cartesian axes

     q = (    0.875000000  -0.125000000  -0.875000000 ) 

    1    1
  0.18601332  0.00000000   -0.00159863  0.00404746    0.00096252  0.00000000
 -0.00159863 -0.00404746    0.25917643  0.00000000    0.00159863  0.00404746
  0.00096252  0.00000000    0.00159863 -0.00404746    0.18601332  0.00000000
    1    2
  0.03362848  0.02542204    0.00647316  0.00807529    0.12368173 -0.02415332
  0.00639488  0.00802204    0.04703718  0.03044455   -0.00639488 -0.00802204
  0.12368173 -0.02415332   -0.00647316 -0.00807529    0.03362848  0.02542204
    2    1
  0.03362848 -0.02542204    0.00639488 -0.00802204    0.12368173  0.02415332
  0.00647316 -0.00807529    0.04703718 -0.03044455   -0.00647316  0.00807529
  0.12368173  0.02415332   -0.00639488  0.00802204    0.03362848 -0.02542204
    2    2
  0.18197046  0.00000000   -0.00177251 -0.00432038   -0.00069956  0.00000000
 -0.00177251  0.00432038    0.25511143  0.00000000    0.00177251 -0.00432038
 -0.00069956  0.00000000    0.00177251  0.00432038    0.18197046  0.00000000

     Dynamical  Matrix in cartesian axes

     q = (    0.875000000   0.125000000  -0.875000000 ) 

    1    1
  0.18601332  0.00000000    0.00159863  0.00404746    0.00096252  0.00000000
  0.00159863 -0.00404746    0.25917643  0.00000000   -0.00159863  0.00404746
  0.00096252  0.00000000   -0.00159863 -0.00404746    0.18601332  0.00000000
    1    2
  0.00580283 -0.04175502    0.00113287  0.01028731    0.10453517 -0.07037721
  0.00115058  0.01019430    0.01173276 -0.05478786   -0.00115058 -0.01019430
  0.10453517 -0.07037721   -0.00113287 -0.01028731    0.00580283 -0.04175502
    2    1
  0.00580283  0.04175502    0.00115058 -0.01019430    0.10453517  0.07037721
  0.00113287 -0.01028731    0.01173276  0.05478786   -0.00113287  0.01028731
  0.10453517  0.07037721   -0.00115058  0.01019430    0.00580283  0.04175502
    2    2
  0.18197046  0.00000000    0.00177251 -0.00432038   -0.00069956  0.00000000
  0.00177251  0.00432038    0.25511143  0.00000000   -0.00177251 -0.00432038
 -0.00069956  0.00000000   -0.00177251  0.00432038    0.18197046  0.00000000

     Dynamical  Matrix in cartesian axes

     q = (   -0.875000000  -0.125000000   0.875000000 ) 

    1    1
  0.18601332  0.00000000    0.00159863 -0.00404746    0.00096252  0.00000000
  0.00159863  0.00404746    0.25917643  0.00000000   -0.00159863 -0.00404746
  0.00096252  0.00000000   -0.00159863  0.00404746    0.18601332  0.00000000
    1    2
  0.00580283  0.04175502    0.00113287 -0.01028731    0.10453517  0.07037721
  0.00115058 -0.01019430    0.01173276  0.05478786   -0.00115058  0.01019430
  0.10453517  0.07037721   -0.00113287  0.01028731    0.00580283  0.04175502
    2    1
  0.00580283 -0.04175502    0.00115058  0.01019430    0.10453517 -0.07037721
  0.00113287  0.01028731    0.01173276 -0.05478786   -0.00113287 -0.01028731
  0.10453517 -0.07037721   -0.00115058 -0.01019430    0.00580283 -0.04175502
    2    2
  0.18197046  0.00000000    0.00177251  0.00432038   -0.00069956  0.00000000
  0.00177251 -0.00432038    0.25511143  0.00000000   -0.00177251  0.00432038
 -0.00069956  0.00000000   -0.00177251 -0.00432038    0.18197046  0.00000000

     Dynamical  Matrix in cartesian axes

     q = (    0.875000000   0.875000000  -0.125000000 ) 

    1    1
  0.18601332  0.00000000   -0.00096252  0.00000000   -0.00159863 -0.00404746
 -0.00096252  0.00000000    0.18601332  0.00000000   -0.00159863 -0.00404746
 -0.00159863  0.00404746   -0.00159863  0.00404746    0.25917643  0.00000000
    1    2
 -0.03362848  0.02542204    0.12368173  0.02415332   -0.00647316  0.00807529
  0.12368173  0.02415332   -0.03362848  0.02542204   -0.00647316  0.00807529
 -0.00639488  0.00802204   -0.00639488  0.00802204   -0.04703718  0.03044455
    2    1
 -0.03362848 -0.02542204    0.12368173 -0.02415332   -0.00639488 -0.00802204
  0.12368173 -0.02415332   -0.03362848 -0.02542204   -0.00639488 -0.00802204
 -0.00647316 -0.00807529   -0.00647316 -0.00807529   -0.04703718 -0.03044455
    2    2
  0.18197046  0.00000000    0.00069956  0.00000000   -0.00177251  0.00432038
  0.00069956  0.00000000    0.18197046  0.00000000   -0.00177251  0.00432038
 -0.00177251 -0.00432038   -0.00177251 -0.00432038    0.25511143  0.00000000

     Dynamical  Matrix in cartesian axes

     q = (   -0.875000000  -0.875000000   0.125000000 ) 

    1    1
  0.18601332  0.00000000   -0.00096252  0.00000000   -0.00159863  0.00404746
 -0.00096252  0.00000000    0.18601332  0.00000000   -0.00159863  0.00404746
 -0.00159863 -0.00404746   -0.00159863 -0.00404746    0.25917643  0.00000000
    1    2
 -0.03362848 -0.02542204    0.12368173 -0.02415332   -0.00647316 -0.00807529
  0.12368173 -0.02415332   -0.03362848 -0.02542204   -0.00647316 -0.00807529
 -0.00639488 -0.00802204   -0.00639488 -0.00802204   -0.04703718 -0.03044455
    2    1
 -0.03362848  0.02542204    0.12368173  0.02415332   -0.00639488  0.00802204
  0.12368173  0.02415332   -0.03362848  0.02542204   -0.00639488  0.00802204
 -0.00647316  0.00807529   -0.00647316  0.00807529   -0.04703718  0.03044455
    2    2
  0.18197046  0.00000000    0.00069956  0.00000000   -0.00177251 -0.00432038
  0.00069956  0.00000000    0.18197046  0.00000000   -0.00177251 -0.00432038
 -0.00177251  0.00432038   -0.00177251  0.00432038    0.25511143  0.00000000

     Dynamical  Matrix in cartesian axes

     q = (   -0.875000000  -0.875000000  -0.125000000 ) 

    1    1
  0.18601332  0.00000000   -0.00096252  0.00000000    0.00159863  0.00404746
 -0.00096252  0.00000000    0.18601332  0.00000000    0.00159863  0.00404746
  0.00159863 -0.00404746    0.00159863 -0.00404746    0.25917643  0.00000000
    1    2
 -0.03362848  0.02542204    0.12368173  0.02415332    0.00647316 -0.00807529
  0.12368173  0.02415332   -0.03362848  0.02542204    0.00647316 -0.00807529
  0.00639488 -0.00802204    0.00639488 -0.00802204   -0.04703718  0.03044455
    2    1
 -0.03362848 -0.02542204    0.12368173 -0.02415332    0.00639488  0.00802204
  0.12368173 -0.02415332   -0.03362848 -0.02542204    0.00639488  0.00802204
  0.00647316  0.00807529    0.00647316  0.00807529   -0.04703718 -0.03044455
    2    2
  0.18197046  0.00000000    0.00069956  0.00000000    0.00177251 -0.00432038
  0.00069956  0.00000000    0.18197046  0.00000000    0.00177251 -0.00432038
  0.00177251  0.00432038    0.00177251  0.00432038    0.25511143  0.00000000

     Dynamical  Matrix in cartesian axes

     q = (    0.875000000   0.875000000   0.125000000 ) 

    1    1
  0.18601332  0.00000000   -0.00096252  0.00000000    0.00159863 -0.00404746
 -0.00096252  0.00000000    0.18601332  0.00000000    0.00159863 -0.00404746
  0.00159863  0.00404746    0.00159863  0.00404746    0.25917643  0.00000000
    1    2
 -0.03362848 -0.02542204    0.12368173 -0.02415332    0.00647316  0.00807529
  0.12368173 -0.02415332   -0.03362848 -0.02542204    0.00647316  0.00807529
  0.00639488  0.00802204    0.00639488  0.00802204   -0.04703718 -0.03044455
    2    1
 -0.03362848  0.02542204    0.12368173  0.02415332    0.00639488 -0.00802204
  0.12368173  0.02415332   -0.03362848  0.02542204    0.00639488 -0.00802204
  0.00647316 -0.00807529    0.00647316 -0.00807529   -0.04703718  0.03044455
    2    2
  0.18197046  0.00000000    0.00069956  0.00000000    0.00177251  0.00432038
  0.00069956  0.00000000    0.18197046  0.00000000    0.00177251  0.00432038
  0.00177251 -0.00432038    0.00177251 -0.00432038    0.25511143  0.00000000

     Dynamical  Matrix in cartesian axes

     q = (   -0.875000000   0.875000000   0.125000000 ) 

    1    1
  0.18601332  0.00000000    0.00096252  0.00000000   -0.00159863 -0.00404746
  0.00096252  0.00000000    0.18601332  0.00000000    0.00159863  0.00404746
 -0.00159863  0.00404746    0.00159863 -0.00404746    0.25917643  0.00000000
    1    2
  0.03362848 -0.02542204    0.12368173  0.02415332    0.00647316 -0.00807529
  0.12368173  0.02415332    0.03362848 -0.02542204   -0.00647316  0.00807529
  0.00639488 -0.00802204   -0.00639488  0.00802204    0.04703718 -0.03044455
    2    1
  0.03362848  0.02542204    0.12368173 -0.02415332    0.00639488  0.00802204
  0.12368173 -0.02415332    0.03362848  0.02542204   -0.00639488 -0.00802204
  0.00647316  0.00807529   -0.00647316 -0.00807529    0.04703718  0.03044455
    2    2
  0.18197046  0.00000000   -0.00069956  0.00000000   -0.00177251  0.00432038
 -0.00069956  0.00000000    0.18197046  0.00000000    0.00177251 -0.00432038
 -0.00177251 -0.00432038    0.00177251  0.00432038    0.25511143  0.00000000

     Dynamical  Matrix in cartesian axes

     q = (    0.875000000  -0.875000000  -0.125000000 ) 

    1    1
  0.18601332  0.00000000    0.00096252  0.00000000   -0.00159863  0.00404746
  0.00096252  0.00000000    0.18601332  0.00000000    0.00159863 -0.00404746
 -0.00159863 -0.00404746    0.00159863  0.00404746    0.25917643  0.00000000
    1    2
  0.03362848  0.02542204    0.12368173 -0.02415332    0.00647316  0.00807529
  0.12368173 -0.02415332    0.03362848  0.02542204   -0.00647316 -0.00807529
  0.00639488  0.00802204   -0.00639488 -0.00802204    0.04703718  0.03044455
    2    1
  0.03362848 -0.02542204    0.12368173  0.02415332    0.00639488 -0.00802204
  0.12368173  0.02415332    0.03362848 -0.02542204   -0.00639488  0.00802204
  0.00647316 -0.00807529   -0.00647316  0.00807529    0.04703718 -0.03044455
    2    2
  0.18197046  0.00000000   -0.00069956  0.00000000   -0.00177251 -0.00432038
 -0.00069956  0.00000000    0.18197046  0.00000000    0.00177251  0.00432038
 -0.00177251  0.00432038    0.00177251 -0.00432038    0.25511143  0.00000000

     Dynamical  Matrix in cartesian axes

     q = (   -0.125000000   0.875000000   0.875000000 ) 

    1    1
  0.25917643  0.00000000   -0.00159863  0.00404746   -0.00159863  0.00404746
 -0.00159863 -0.00404746    0.18601332  0.00000000   -0.00096252  0.00000000
 -0.00159863 -0.00404746   -0.00096252  0.00000000    0.18601332  0.00000000
    1    2
  0.04703718 -0.03044455    0.00639488 -0.00802204    0.00639488 -0.00802204
  0.00647316 -0.00807529    0.03362848 -0.02542204   -0.12368173 -0.02415332
  0.00647316 -0.00807529   -0.12368173 -0.02415332    0.03362848 -0.02542204
    2    1
  0.04703718  0.03044455    0.00647316  0.00807529    0.00647316  0.00807529
  0.00639488  0.00802204    0.03362848  0.02542204   -0.12368173  0.02415332
  0.00639488  0.00802204   -0.12368173  0.02415332    0.03362848  0.02542204
    2    2
  0.25511143  0.00000000   -0.00177251 -0.00432038   -0.00177251 -0.00432038
 -0.00177251  0.00432038    0.18197046  0.00000000    0.00069956  0.00000000
 -0.00177251  0.00432038    0.00069956  0.00000000    0.18197046  0.00000000

     Dynamical  Matrix in cartesian axes

     q = (    0.125000000  -0.875000000  -0.875000000 ) 

    1    1
  0.25917643  0.00000000   -0.00159863 -0.00404746   -0.00159863 -0.00404746
 -0.00159863  0.00404746    0.18601332  0.00000000   -0.00096252  0.00000000
 -0.00159863  0.00404746   -0.00096252  0.00000000    0.18601332  0.00000000
    1    2
  0.04703718  0.03044455    0.00639488  0.00802204    0.00639488  0.00802204
  0.00647316  0.00807529    0.03362848  0.02542204   -0.12368173  0.02415332
  0.00647316  0.00807529   -0.12368173  0.02415332    0.03362848  0.02542204
    2    1
  0.04703718 -0.03044455    0.00647316 -0.00807529    0.00647316 -0.00807529
  0.00639488 -0.00802204    0.03362848 -0.02542204   -0.12368173 -0.02415332
  0.00639488 -0.00802204   -0.12368173 -0.02415332    0.03362848 -0.02542204
    2    2
  0.25511143  0.00000000   -0.00177251  0.00432038   -0.00177251  0.00432038
 -0.00177251 -0.00432038    0.18197046  0.00000000    0.00069956  0.00000000
 -0.00177251 -0.00432038    0.00069956  0.00000000    0.18197046  0.00000000

     Dynamical  Matrix in cartesian axes

     q = (    0.125000000   0.875000000  -0.875000000 ) 

    1    1
  0.25917643  0.00000000    0.00159863 -0.00404746   -0.00159863  0.00404746
  0.00159863  0.00404746    0.18601332  0.00000000    0.00096252  0.00000000
 -0.00159863 -0.00404746    0.00096252  0.00000000    0.18601332  0.00000000
    1    2
 -0.04703718  0.03044455    0.00639488 -0.00802204   -0.00639488  0.00802204
  0.00647316 -0.00807529   -0.03362848  0.02542204   -0.12368173 -0.02415332
 -0.00647316  0.00807529   -0.12368173 -0.02415332   -0.03362848  0.02542204
    2    1
 -0.04703718 -0.03044455    0.00647316  0.00807529   -0.00647316 -0.00807529
  0.00639488  0.00802204   -0.03362848 -0.02542204   -0.12368173  0.02415332
 -0.00639488 -0.00802204   -0.12368173  0.02415332   -0.03362848 -0.02542204
    2    2
  0.25511143  0.00000000    0.00177251  0.00432038   -0.00177251 -0.00432038
  0.00177251 -0.00432038    0.18197046  0.00000000   -0.00069956  0.00000000
 -0.00177251  0.00432038   -0.00069956  0.00000000    0.18197046  0.00000000

     Dynamical  Matrix in cartesian axes

     q = (   -0.125000000  -0.875000000   0.875000000 ) 

    1    1
  0.25917643  0.00000000    0.00159863  0.00404746   -0.00159863 -0.00404746
  0.00159863 -0.00404746    0.18601332  0.00000000    0.00096252  0.00000000
 -0.00159863  0.00404746    0.00096252  0.00000000    0.18601332  0.00000000
    1    2
 -0.04703718 -0.03044455    0.00639488  0.00802204   -0.00639488 -0.00802204
  0.00647316  0.00807529   -0.03362848 -0.02542204   -0.12368173  0.02415332
 -0.00647316 -0.00807529   -0.12368173  0.02415332   -0.03362848 -0.02542204
    2    1
 -0.04703718  0.03044455    0.00647316 -0.00807529   -0.00647316  0.00807529
  0.00639488 -0.00802204   -0.03362848  0.02542204   -0.12368173 -0.02415332
 -0.00639488  0.00802204   -0.12368173 -0.02415332   -0.03362848  0.02542204
    2    2
  0.25511143  0.00000000    0.00177251 -0.00432038   -0.00177251  0.00432038
  0.00177251  0.00432038    0.18197046  0.00000000   -0.00069956  0.00000000
 -0.00177251 -0.00432038   -0.00069956  0.00000000    0.18197046  0.00000000

     Dynamical  Matrix in cartesian axes

     q = (   -0.125000000  -0.875000000  -0.875000000 ) 

    1    1
  0.25917643  0.00000000    0.00159863 -0.00404746    0.00159863 -0.00404746
  0.00159863  0.00404746    0.18601332  0.00000000   -0.00096252  0.00000000
  0.00159863  0.00404746   -0.00096252  0.00000000    0.18601332  0.00000000
    1    2
  0.01173276 -0.05478786    0.00115058  0.01019430    0.00115058  0.01019430
  0.00113287  0.01028731    0.00580283 -0.04175502   -0.10453517  0.07037721
  0.00113287  0.01028731   -0.10453517  0.07037721    0.00580283 -0.04175502
    2    1
  0.01173276  0.05478786    0.00113287 -0.01028731    0.00113287 -0.01028731
  0.00115058 -0.01019430    0.00580283  0.04175502   -0.10453517 -0.07037721
  0.00115058 -0.01019430   -0.10453517 -0.07037721    0.00580283  0.04175502
    2    2
  0.25511143  0.00000000    0.00177251  0.00432038    0.00177251  0.00432038
  0.00177251 -0.00432038    0.18197046  0.00000000    0.00069956  0.00000000
  0.00177251 -0.00432038    0.00069956  0.00000000    0.18197046  0.00000000

     Dynamical  Matrix in cartesian axes

     q = (    0.125000000   0.875000000   0.875000000 ) 

    1    1
  0.25917643  0.00000000    0.00159863  0.00404746    0.00159863  0.00404746
  0.00159863 -0.00404746    0.18601332  0.00000000   -0.00096252  0.00000000
  0.00159863 -0.00404746   -0.00096252  0.00000000    0.18601332  0.00000000
    1    2
  0.01173276  0.05478786    0.00115058 -0.01019430    0.00115058 -0.01019430
  0.00113287 -0.01028731    0.00580283  0.04175502   -0.10453517 -0.07037721
  0.00113287 -0.01028731   -0.10453517 -0.07037721    0.00580283  0.04175502
    2    1
  0.01173276 -0.05478786    0.00113287  0.01028731    0.00113287  0.01028731
  0.00115058  0.01019430    0.00580283 -0.04175502   -0.10453517  0.07037721
  0.00115058  0.01019430   -0.10453517  0.07037721    0.00580283 -0.04175502
    2    2
  0.25511143  0.00000000    0.00177251 -0.00432038    0.00177251 -0.00432038
  0.00177251  0.00432038    0.18197046  0.00000000    0.00069956  0.00000000
  0.00177251  0.00432038    0.00069956  0.00000000    0.18197046  0.00000000

     Dynamical  Matrix in cartesian axes

     q = (    0.875000000  -0.875000000   0.125000000 ) 

    1    1
  0.18601332  0.00000000    0.00096252  0.00000000    0.00159863  0.00404746
  0.00096252  0.00000000    0.18601332  0.00000000   -0.00159863 -0.00404746
  0.00159863 -0.00404746   -0.00159863  0.00404746    0.25917643  0.00000000
    1    2
  0.00580283 -0.04175502    0.10453517 -0.07037721    0.00113287  0.01028731
  0.10453517 -0.07037721    0.00580283 -0.04175502   -0.00113287 -0.01028731
  0.00115058  0.01019430   -0.00115058 -0.01019430    0.01173276 -0.05478786
    2    1
  0.00580283  0.04175502    0.10453517  0.07037721    0.00115058 -0.01019430
  0.10453517  0.07037721    0.00580283  0.04175502   -0.00115058  0.01019430
  0.00113287 -0.01028731   -0.00113287  0.01028731    0.01173276  0.05478786
    2    2
  0.18197046  0.00000000   -0.00069956  0.00000000    0.00177251 -0.00432038
 -0.00069956  0.00000000    0.18197046  0.00000000   -0.00177251  0.00432038
  0.00177251  0.00432038   -0.00177251 -0.00432038    0.25511143  0.00000000

     Dynamical  Matrix in cartesian axes

     q = (   -0.875000000   0.875000000  -0.125000000 ) 

    1    1
  0.18601332  0.00000000    0.00096252  0.00000000    0.00159863 -0.00404746
  0.00096252  0.00000000    0.18601332  0.00000000   -0.00159863  0.00404746
  0.00159863  0.00404746   -0.00159863 -0.00404746    0.25917643  0.00000000
    1    2
  0.00580283  0.04175502    0.10453517  0.07037721    0.00113287 -0.01028731
  0.10453517  0.07037721    0.00580283  0.04175502   -0.00113287  0.01028731
  0.00115058 -0.01019430   -0.00115058  0.01019430    0.01173276  0.05478786
    2    1
  0.00580283 -0.04175502    0.10453517 -0.07037721    0.00115058  0.01019430
  0.10453517 -0.07037721    0.00580283 -0.04175502   -0.00115058 -0.01019430
  0.00113287  0.01028731   -0.00113287 -0.01028731    0.01173276 -0.05478786
    2    2
  0.18197046  0.00000000   -0.00069956  0.00000000    0.00177251  0.00432038
 -0.00069956  0.00000000    0.18197046  0.00000000   -0.00177251 -0.00432038
  0.00177251 -0.00432038   -0.00177251  0.00432038    0.25511143  0.00000000

     Diagonalizing the dynamical matrix

     q = (    0.875000000  -0.125000000   0.875000000 ) 

 **************************************************************************
     freq (    1) =       2.092402 [THz] =      69.795017 [cm-1]
 ( -0.495431  0.003996 -0.000000  0.000000  0.495431 -0.003996 ) 
 ( -0.504512 -0.000000 -0.000000  0.000000  0.504512  0.000000 ) 
     freq (    2) =       3.628528 [THz] =     121.034663 [cm-1]
 ( -0.433201 -0.241754  0.012997 -0.042901 -0.433201 -0.241754 ) 
 (  0.501917  0.000000  0.011416 -0.042456  0.501917  0.000000 ) 
     freq (    3) =       5.703873 [THz] =     190.260721 [cm-1]
 (  0.033951  0.082407  0.649738  0.208764  0.033951  0.082407 ) 
 (  0.088830 -0.000000  0.421267  0.570196  0.088830  0.000000 ) 
     freq (    4) =       6.791921 [THz] =     226.554112 [cm-1]
 (  0.399669  0.202650 -0.128657 -0.303392  0.399669  0.202650 ) 
 (  0.442313 -0.000000 -0.245743  0.195258  0.442313  0.000000 ) 
     freq (    5) =       7.235565 [THz] =     241.352460 [cm-1]
 (  0.178318  0.115537 -0.034742  0.649955  0.178318  0.115537 ) 
 (  0.211064  0.000000  0.310543 -0.548203  0.211064  0.000000 ) 
     freq (    6) =       7.471278 [THz] =     249.215000 [cm-1]
 ( -0.504496  0.004069 -0.000000  0.000000  0.504496 -0.004069 ) 
 (  0.495447  0.000000  0.000000 -0.000000 -0.495447  0.000000 ) 
 **************************************************************************
