Dynamical matrix file
YOU NEED TO PUT HERE SOME TITLE :)                                         
  1    2  2 11.0000000  0.0000000  0.0000000  0.0000000  0.0000000  0.0000000
           1  'Ge  '    66207.3097484883     
    1    1      0.0000000000      0.0000000000      0.0000000000
    2    1     -0.2500000000      0.2500000000      0.2500000000

     Dynamical  Matrix in cartesian axes

     q = (    0.000000000   0.500000000   0.000000000 ) 

    1    1
  0.20406748  0.00000000    0.00000000  0.00000000    0.00000000  0.00000000
  0.00000000  0.00000000    0.25494242  0.00000000    0.00000000  0.00000000
  0.00000000  0.00000000    0.00000000  0.00000000    0.20406748  0.00000000
    1    2
 -0.10534160  0.10534160   -0.00000000  0.00000000    0.05378831  0.05378831
  0.00000000  0.00000000   -0.12026389  0.12026389    0.00000000  0.00000000
  0.05378831  0.05378831   -0.00000000  0.00000000   -0.10534160  0.10534160
    2    1
 -0.10534160 -0.10534160    0.00000000 -0.00000000    0.05378831 -0.05378831
  0.00000000 -0.00000000   -0.12026389 -0.12026389    0.00000000 -0.00000000
  0.05378831 -0.05378831    0.00000000 -0.00000000   -0.10534160 -0.10534160
    2    2
  0.19893925  0.00000000    0.00000000  0.00000000    0.00000000  0.00000000
  0.00000000  0.00000000    0.24954221  0.00000000    0.00000000  0.00000000
  0.00000000  0.00000000    0.00000000  0.00000000    0.19893925  0.00000000

     Dynamical  Matrix in cartesian axes

     q = (   -0.500000000   0.000000000   0.000000000 ) 

    1    1
  0.25494242  0.00000000    0.00000000  0.00000000    0.00000000  0.00000000
  0.00000000  0.00000000    0.20406748  0.00000000    0.00000000  0.00000000
  0.00000000  0.00000000    0.00000000  0.00000000    0.20406748  0.00000000
    1    2
 -0.12026389  0.12026389    0.00000000 -0.00000000   -0.00000000 -0.00000000
 -0.00000000  0.00000000   -0.10534160  0.10534160   -0.05378831 -0.05378831
  0.00000000 -0.00000000   -0.05378831 -0.05378831   -0.10534160  0.10534160
    2    1
 -0.12026389 -0.12026389    0.00000000 -0.00000000    0.00000000  0.00000000
  0.00000000 -0.00000000   -0.10534160 -0.10534160   -0.05378831  0.05378831
  0.00000000  0.00000000   -0.05378831  0.05378831   -0.10534160 -0.10534160
    2    2
  0.24954221  0.00000000    0.00000000  0.00000000    0.00000000  0.00000000
  0.00000000  0.00000000    0.19893925  0.00000000    0.00000000 -0.00000000
  0.00000000  0.00000000    0.00000000 -0.00000000    0.19893925  0.00000000

     Dynamical  Matrix in cartesian axes

     q = (    0.000000000  -0.500000000   0.000000000 ) 

    1    1
  0.20406748  0.00000000    0.00000000  0.00000000    0.00000000  0.00000000
  0.00000000  0.00000000    0.25494242  0.00000000    0.00000000  0.00000000
  0.00000000  0.00000000    0.00000000  0.00000000    0.20406748  0.00000000
    1    2
 -0.10534160 -0.10534160    0.00000000 -0.00000000    0.05378831 -0.05378831
  0.00000000  0.00000000   -0.12026389 -0.12026389    0.00000000  0.00000000
  0.05378831 -0.05378831    0.00000000  0.00000000   -0.10534160 -0.10534160
    2    1
 -0.10534160  0.10534160   -0.00000000  0.00000000    0.05378831  0.05378831
  0.00000000  0.00000000   -0.12026389  0.12026389   -0.00000000  0.00000000
  0.05378831  0.05378831   -0.00000000  0.00000000   -0.10534160  0.10534160
    2    2
  0.19893925  0.00000000    0.00000000  0.00000000    0.00000000 -0.00000000
  0.00000000  0.00000000    0.24954221  0.00000000    0.00000000  0.00000000
  0.00000000 -0.00000000    0.00000000  0.00000000    0.19893925  0.00000000

     Dynamical  Matrix in cartesian axes

     q = (    0.000000000   0.000000000   0.500000000 ) 

    1    1
  0.20406748  0.00000000    0.00000000  0.00000000    0.00000000  0.00000000
  0.00000000  0.00000000    0.20406748  0.00000000    0.00000000  0.00000000
  0.00000000  0.00000000    0.00000000  0.00000000    0.25494242  0.00000000
    1    2
 -0.10534160  0.10534160    0.05378831  0.05378831    0.00000000  0.00000000
  0.05378831  0.05378831   -0.10534160  0.10534160    0.00000000 -0.00000000
  0.00000000  0.00000000    0.00000000  0.00000000   -0.12026389  0.12026389
    2    1
 -0.10534160 -0.10534160    0.05378831 -0.05378831    0.00000000 -0.00000000
  0.05378831 -0.05378831   -0.10534160 -0.10534160    0.00000000 -0.00000000
  0.00000000 -0.00000000    0.00000000 -0.00000000   -0.12026389 -0.12026389
    2    2
  0.19893925  0.00000000    0.00000000  0.00000000    0.00000000  0.00000000
  0.00000000  0.00000000    0.19893925  0.00000000    0.00000000  0.00000000
  0.00000000  0.00000000    0.00000000  0.00000000    0.24954221  0.00000000

     Dynamical  Matrix in cartesian axes

     q = (    0.000000000   0.000000000  -0.500000000 ) 

    1    1
  0.20406748  0.00000000    0.00000000  0.00000000    0.00000000  0.00000000
  0.00000000  0.00000000    0.20406748  0.00000000    0.00000000  0.00000000
  0.00000000  0.00000000    0.00000000  0.00000000    0.25494242  0.00000000
    1    2
 -0.10534160 -0.10534160    0.05378831 -0.05378831    0.00000000 -0.00000000
  0.05378831 -0.05378831   -0.10534160 -0.10534160   -0.00000000  0.00000000
  0.00000000  0.00000000    0.00000000  0.00000000   -0.12026389 -0.12026389
    2    1
 -0.10534160  0.10534160    0.05378831  0.05378831    0.00000000 -0.00000000
  0.05378831  0.05378831   -0.10534160  0.10534160   -0.00000000  0.00000000
  0.00000000  0.00000000    0.00000000  0.00000000   -0.12026389  0.12026389
    2    2
  0.19893925  0.00000000    0.00000000 -0.00000000    0.00000000  0.00000000
  0.00000000 -0.00000000    0.19893925  0.00000000    0.00000000  0.00000000
  0.00000000  0.00000000    0.00000000  0.00000000    0.24954221  0.00000000

     Dynamical  Matrix in cartesian axes

     q = (    0.500000000   0.000000000   0.000000000 ) 

    1    1
  0.25494242  0.00000000    0.00000000  0.00000000    0.00000000  0.00000000
  0.00000000  0.00000000    0.20406748  0.00000000    0.00000000  0.00000000
  0.00000000  0.00000000    0.00000000  0.00000000    0.20406748  0.00000000
    1    2
 -0.12026389 -0.12026389    0.00000000  0.00000000    0.00000000  0.00000000
  0.00000000  0.00000000   -0.10534160 -0.10534160   -0.05378831  0.05378831
  0.00000000  0.00000000   -0.05378831  0.05378831   -0.10534160 -0.10534160
    2    1
 -0.12026389  0.12026389    0.00000000  0.00000000    0.00000000  0.00000000
  0.00000000  0.00000000   -0.10534160  0.10534160   -0.05378831 -0.05378831
 -0.00000000  0.00000000   -0.05378831 -0.05378831   -0.10534160  0.10534160
    2    2
  0.24954221  0.00000000    0.00000000  0.00000000    0.00000000  0.00000000
  0.00000000  0.00000000    0.19893925  0.00000000    0.00000000  0.00000000
  0.00000000  0.00000000    0.00000000  0.00000000    0.19893925  0.00000000

     Diagonalizing the dynamical matrix

     q = (    0.000000000   0.500000000   0.000000000 ) 

 **************************************************************************
     freq (    1) =       2.364867 [THz] =      78.883461 [cm-1]
 (  0.087104 -0.164967  0.000000 -0.000000  0.409593 -0.538302 ) 
 (  0.203223  0.259722  0.000000  0.000000  0.631592  0.000000 ) 
     freq (    2) =       2.364867 [THz] =      78.883461 [cm-1]
 ( -0.654301 -0.171538 -0.000000 -0.000000  0.170258  0.076245 ) 
 ( -0.389211 -0.497416 -0.000000 -0.000000  0.329780  0.000000 ) 
     freq (    3) =       3.664417 [THz] =     122.231787 [cm-1]
 ( -0.000000  0.000000  0.436114 -0.549425 -0.000000  0.000000 ) 
 ( -0.000000 -0.000000  0.708032 -0.081405 -0.000000  0.000000 ) 
     freq (    4) =       7.764524 [THz] =     258.996649 [cm-1]
 ( -0.267385 -0.260431 -0.000000  0.000000  0.430925 -0.427374 ) 
 (  0.005437  0.055545  0.000000  0.000000 -0.699444  0.000000 ) 
     freq (    5) =       7.764524 [THz] =     258.996649 [cm-1]
 ( -0.470508 -0.383362 -0.000000 -0.000000 -0.240743  0.285240 ) 
 (  0.068138  0.696117  0.000000  0.000000  0.055810  0.000000 ) 
     freq (    6) =       8.309110 [THz] =     277.162069 [cm-1]
 (  0.000000  0.000000 -0.666586  0.252191 -0.000000  0.000000 ) 
 ( -0.000000 -0.000000  0.639441  0.288406  0.000000  0.000000 ) 
 **************************************************************************
