Dynamical matrix file
YOU NEED TO PUT HERE SOME TITLE :)                                         
  1    2  2 11.0000000  0.0000000  0.0000000  0.0000000  0.0000000  0.0000000
           1  'Ge  '    66207.3097484883     
    1    1      0.0000000000      0.0000000000      0.0000000000
    2    1     -0.2500000000      0.2500000000      0.2500000000

     Dynamical  Matrix in cartesian axes

     q = (    0.750000000   0.000000000   0.750000000 ) 

    1    1
  0.19260645  0.00000000    0.00000000 -0.00759185   -0.00028788  0.00000000
 -0.00000000  0.00759185    0.24621336  0.00000000   -0.00000000  0.00759185
 -0.00028788  0.00000000    0.00000000 -0.00759185    0.19260645  0.00000000
    1    2
 -0.04778197  0.00000000    0.00000000  0.03316271    0.11304393  0.00000000
 -0.00000000  0.03305219   -0.07272501  0.00000000   -0.00000000  0.03305219
  0.11304393  0.00000000    0.00000000  0.03316271   -0.04778197  0.00000000
    2    1
 -0.04778197  0.00000000    0.00000000 -0.03305219    0.11304393  0.00000000
 -0.00000000 -0.03316271   -0.07272501  0.00000000   -0.00000000 -0.03316271
  0.11304393  0.00000000    0.00000000 -0.03305219   -0.04778197  0.00000000
    2    2
  0.18703023  0.00000000    0.00000000  0.00685982   -0.00022757  0.00000000
  0.00000000 -0.00685982    0.24170257  0.00000000    0.00000000 -0.00685982
 -0.00022757  0.00000000    0.00000000  0.00685982    0.18703023  0.00000000

     Dynamical  Matrix in cartesian axes

     q = (   -0.750000000   0.000000000  -0.750000000 ) 

    1    1
  0.19260645  0.00000000    0.00000000  0.00759185   -0.00028788  0.00000000
  0.00000000 -0.00759185    0.24621336  0.00000000    0.00000000 -0.00759185
 -0.00028788  0.00000000    0.00000000  0.00759185    0.19260645  0.00000000
    1    2
 -0.04778197  0.00000000    0.00000000 -0.03316271    0.11304393  0.00000000
 -0.00000000 -0.03305219   -0.07272501  0.00000000   -0.00000000 -0.03305219
  0.11304393  0.00000000    0.00000000 -0.03316271   -0.04778197  0.00000000
    2    1
 -0.04778197  0.00000000    0.00000000  0.03305219    0.11304393  0.00000000
 -0.00000000  0.03316271   -0.07272501  0.00000000   -0.00000000  0.03316271
  0.11304393  0.00000000    0.00000000  0.03305219   -0.04778197  0.00000000
    2    2
  0.18703023  0.00000000    0.00000000 -0.00685982   -0.00022757  0.00000000
  0.00000000  0.00685982    0.24170257  0.00000000    0.00000000  0.00685982
 -0.00022757  0.00000000    0.00000000 -0.00685982    0.18703023  0.00000000

     Dynamical  Matrix in cartesian axes

     q = (    0.000000000  -0.750000000   0.750000000 ) 

    1    1
  0.24621336  0.00000000   -0.00000000  0.00759185    0.00000000 -0.00759185
  0.00000000 -0.00759185    0.19260645  0.00000000    0.00028788  0.00000000
 -0.00000000  0.00759185    0.00028788  0.00000000    0.19260645  0.00000000
    1    2
 -0.07272501  0.00000000   -0.00000000  0.03305219    0.00000000 -0.03305219
 -0.00000000  0.03316271   -0.04778197  0.00000000   -0.11304393  0.00000000
 -0.00000000 -0.03316271   -0.11304393  0.00000000   -0.04778197  0.00000000
    2    1
 -0.07272501  0.00000000   -0.00000000 -0.03316271    0.00000000  0.03316271
 -0.00000000 -0.03305219   -0.04778197  0.00000000   -0.11304393  0.00000000
 -0.00000000  0.03305219   -0.11304393  0.00000000   -0.04778197  0.00000000
    2    2
  0.24170257  0.00000000    0.00000000 -0.00685982   -0.00000000  0.00685982
  0.00000000  0.00685982    0.18703023  0.00000000    0.00022757  0.00000000
  0.00000000 -0.00685982    0.00022757  0.00000000    0.18703023  0.00000000

     Dynamical  Matrix in cartesian axes

     q = (   -0.750000000   0.000000000   0.750000000 ) 

    1    1
  0.19260645  0.00000000    0.00000000 -0.00759185    0.00028788  0.00000000
  0.00000000  0.00759185    0.24621336  0.00000000    0.00000000 -0.00759185
  0.00028788  0.00000000   -0.00000000  0.00759185    0.19260645  0.00000000
    1    2
  0.03378695  0.03378695    0.02344958 -0.02344958    0.07993413  0.07993413
  0.02337143 -0.02337143    0.05142435  0.05142435   -0.02337143  0.02337143
  0.07993413  0.07993413   -0.02344958  0.02344958    0.03378695  0.03378695
    2    1
  0.03378695 -0.03378695    0.02337143  0.02337143    0.07993413 -0.07993413
  0.02344958  0.02344958    0.05142435 -0.05142435   -0.02344958 -0.02344958
  0.07993413 -0.07993413   -0.02337143 -0.02337143    0.03378695 -0.03378695
    2    2
  0.18703023  0.00000000    0.00000000  0.00685982    0.00022757  0.00000000
 -0.00000000 -0.00685982    0.24170257  0.00000000    0.00000000  0.00685982
  0.00022757  0.00000000    0.00000000 -0.00685982    0.18703023  0.00000000

     Dynamical  Matrix in cartesian axes

     q = (    0.750000000   0.000000000  -0.750000000 ) 

    1    1
  0.19260645  0.00000000    0.00000000  0.00759185    0.00028788  0.00000000
  0.00000000 -0.00759185    0.24621336  0.00000000    0.00000000  0.00759185
  0.00028788  0.00000000    0.00000000 -0.00759185    0.19260645  0.00000000
    1    2
  0.03378695 -0.03378695    0.02344958  0.02344958    0.07993413 -0.07993413
  0.02337143  0.02337143    0.05142435 -0.05142435   -0.02337143 -0.02337143
  0.07993413 -0.07993413   -0.02344958 -0.02344958    0.03378695 -0.03378695
    2    1
  0.03378695  0.03378695    0.02337143 -0.02337143    0.07993413  0.07993413
  0.02344958 -0.02344958    0.05142435  0.05142435   -0.02344958  0.02344958
  0.07993413  0.07993413   -0.02337143  0.02337143    0.03378695  0.03378695
    2    2
  0.18703023  0.00000000    0.00000000 -0.00685982    0.00022757  0.00000000
 -0.00000000  0.00685982    0.24170257  0.00000000   -0.00000000 -0.00685982
  0.00022757  0.00000000    0.00000000  0.00685982    0.18703023  0.00000000

     Dynamical  Matrix in cartesian axes

     q = (    0.750000000   0.750000000   0.000000000 ) 

    1    1
  0.19260645  0.00000000   -0.00028788  0.00000000    0.00000000 -0.00759185
 -0.00028788  0.00000000    0.19260645  0.00000000    0.00000000 -0.00759185
  0.00000000  0.00759185    0.00000000  0.00759185    0.24621336  0.00000000
    1    2
 -0.04778197  0.00000000    0.11304393  0.00000000    0.00000000  0.03316271
  0.11304393  0.00000000   -0.04778197  0.00000000    0.00000000  0.03316271
  0.00000000  0.03305219    0.00000000  0.03305219   -0.07272501  0.00000000
    2    1
 -0.04778197  0.00000000    0.11304393  0.00000000    0.00000000 -0.03305219
  0.11304393  0.00000000   -0.04778197  0.00000000    0.00000000 -0.03305219
  0.00000000 -0.03316271    0.00000000 -0.03316271   -0.07272501  0.00000000
    2    2
  0.18703023  0.00000000   -0.00022757  0.00000000    0.00000000  0.00685982
 -0.00022757  0.00000000    0.18703023  0.00000000    0.00000000  0.00685982
 -0.00000000 -0.00685982   -0.00000000 -0.00685982    0.24170257  0.00000000

     Dynamical  Matrix in cartesian axes

     q = (   -0.750000000  -0.750000000   0.000000000 ) 

    1    1
  0.19260645  0.00000000   -0.00028788  0.00000000    0.00000000  0.00759185
 -0.00028788  0.00000000    0.19260645  0.00000000    0.00000000  0.00759185
  0.00000000 -0.00759185    0.00000000 -0.00759185    0.24621336  0.00000000
    1    2
 -0.04778197  0.00000000    0.11304393  0.00000000    0.00000000 -0.03316271
  0.11304393  0.00000000   -0.04778197  0.00000000    0.00000000 -0.03316271
  0.00000000 -0.03305219    0.00000000 -0.03305219   -0.07272501  0.00000000
    2    1
 -0.04778197  0.00000000    0.11304393  0.00000000    0.00000000  0.03305219
  0.11304393  0.00000000   -0.04778197  0.00000000    0.00000000  0.03305219
  0.00000000  0.03316271    0.00000000  0.03316271   -0.07272501  0.00000000
    2    2
  0.18703023  0.00000000   -0.00022757  0.00000000    0.00000000 -0.00685982
 -0.00022757  0.00000000    0.18703023  0.00000000    0.00000000 -0.00685982
 -0.00000000  0.00685982   -0.00000000  0.00685982    0.24170257  0.00000000

     Dynamical  Matrix in cartesian axes

     q = (   -0.750000000   0.750000000   0.000000000 ) 

    1    1
  0.19260645  0.00000000    0.00028788  0.00000000    0.00000000 -0.00759185
  0.00028788  0.00000000    0.19260645  0.00000000    0.00000000  0.00759185
  0.00000000  0.00759185    0.00000000 -0.00759185    0.24621336  0.00000000
    1    2
  0.03378695  0.03378695    0.07993413  0.07993413    0.02344958 -0.02344958
  0.07993413  0.07993413    0.03378695  0.03378695   -0.02344958  0.02344958
  0.02337143 -0.02337143   -0.02337143  0.02337143    0.05142435  0.05142435
    2    1
  0.03378695 -0.03378695    0.07993413 -0.07993413    0.02337143  0.02337143
  0.07993413 -0.07993413    0.03378695 -0.03378695   -0.02337143 -0.02337143
  0.02344958  0.02344958   -0.02344958 -0.02344958    0.05142435 -0.05142435
    2    2
  0.18703023  0.00000000    0.00022757  0.00000000    0.00000000  0.00685982
  0.00022757  0.00000000    0.18703023  0.00000000    0.00000000 -0.00685982
 -0.00000000 -0.00685982    0.00000000  0.00685982    0.24170257  0.00000000

     Dynamical  Matrix in cartesian axes

     q = (    0.000000000   0.750000000   0.750000000 ) 

    1    1
  0.24621336  0.00000000   -0.00000000  0.00759185    0.00000000  0.00759185
  0.00000000 -0.00759185    0.19260645  0.00000000   -0.00028788  0.00000000
  0.00000000 -0.00759185   -0.00028788  0.00000000    0.19260645  0.00000000
    1    2
  0.05142435  0.05142435    0.02337143 -0.02337143    0.02337143 -0.02337143
  0.02344958 -0.02344958    0.03378695  0.03378695   -0.07993413 -0.07993413
  0.02344958 -0.02344958   -0.07993413 -0.07993413    0.03378695  0.03378695
    2    1
  0.05142435 -0.05142435    0.02344958  0.02344958    0.02344958  0.02344958
  0.02337143  0.02337143    0.03378695 -0.03378695   -0.07993413  0.07993413
  0.02337143  0.02337143   -0.07993413  0.07993413    0.03378695 -0.03378695
    2    2
  0.24170257  0.00000000    0.00000000 -0.00685982    0.00000000 -0.00685982
  0.00000000  0.00685982    0.18703023  0.00000000   -0.00022757  0.00000000
  0.00000000  0.00685982   -0.00022757  0.00000000    0.18703023  0.00000000

     Dynamical  Matrix in cartesian axes

     q = (    0.000000000   0.750000000  -0.750000000 ) 

    1    1
  0.24621336  0.00000000    0.00000000 -0.00759185    0.00000000  0.00759185
  0.00000000  0.00759185    0.19260645  0.00000000    0.00028788  0.00000000
  0.00000000 -0.00759185    0.00028788  0.00000000    0.19260645  0.00000000
    1    2
 -0.07272501  0.00000000   -0.00000000 -0.03305219    0.00000000  0.03305219
 -0.00000000 -0.03316271   -0.04778197  0.00000000   -0.11304393  0.00000000
 -0.00000000  0.03316271   -0.11304393  0.00000000   -0.04778197  0.00000000
    2    1
 -0.07272501  0.00000000   -0.00000000  0.03316271    0.00000000 -0.03316271
 -0.00000000  0.03305219   -0.04778197  0.00000000   -0.11304393  0.00000000
 -0.00000000 -0.03305219   -0.11304393  0.00000000   -0.04778197  0.00000000
    2    2
  0.24170257  0.00000000    0.00000000  0.00685982   -0.00000000 -0.00685982
  0.00000000 -0.00685982    0.18703023  0.00000000    0.00022757  0.00000000
  0.00000000  0.00685982    0.00022757  0.00000000    0.18703023  0.00000000

     Dynamical  Matrix in cartesian axes

     q = (    0.000000000  -0.750000000  -0.750000000 ) 

    1    1
  0.24621336  0.00000000    0.00000000 -0.00759185    0.00000000 -0.00759185
  0.00000000  0.00759185    0.19260645  0.00000000   -0.00028788  0.00000000
  0.00000000  0.00759185   -0.00028788  0.00000000    0.19260645  0.00000000
    1    2
  0.05142435 -0.05142435    0.02337143  0.02337143    0.02337143  0.02337143
  0.02344958  0.02344958    0.03378695 -0.03378695   -0.07993413  0.07993413
  0.02344958  0.02344958   -0.07993413  0.07993413    0.03378695 -0.03378695
    2    1
  0.05142435  0.05142435    0.02344958 -0.02344958    0.02344958 -0.02344958
  0.02337143 -0.02337143    0.03378695  0.03378695   -0.07993413 -0.07993413
  0.02337143 -0.02337143   -0.07993413 -0.07993413    0.03378695  0.03378695
    2    2
  0.24170257  0.00000000   -0.00000000  0.00685982    0.00000000  0.00685982
  0.00000000 -0.00685982    0.18703023  0.00000000   -0.00022757  0.00000000
  0.00000000 -0.00685982   -0.00022757  0.00000000    0.18703023  0.00000000

     Dynamical  Matrix in cartesian axes

     q = (    0.750000000  -0.750000000   0.000000000 ) 

    1    1
  0.19260645  0.00000000    0.00028788  0.00000000    0.00000000  0.00759185
  0.00028788  0.00000000    0.19260645  0.00000000    0.00000000 -0.00759185
  0.00000000 -0.00759185    0.00000000  0.00759185    0.24621336  0.00000000
    1    2
  0.03378695 -0.03378695    0.07993413 -0.07993413    0.02344958  0.02344958
  0.07993413 -0.07993413    0.03378695 -0.03378695   -0.02344958 -0.02344958
  0.02337143  0.02337143   -0.02337143 -0.02337143    0.05142435 -0.05142435
    2    1
  0.03378695  0.03378695    0.07993413  0.07993413    0.02337143 -0.02337143
  0.07993413  0.07993413    0.03378695  0.03378695   -0.02337143  0.02337143
  0.02344958 -0.02344958   -0.02344958  0.02344958    0.05142435  0.05142435
    2    2
  0.18703023  0.00000000    0.00022757  0.00000000    0.00000000 -0.00685982
  0.00022757  0.00000000    0.18703023  0.00000000    0.00000000  0.00685982
  0.00000000  0.00685982    0.00000000 -0.00685982    0.24170257  0.00000000

     Diagonalizing the dynamical matrix

     q = (    0.750000000   0.000000000   0.750000000 ) 

 **************************************************************************
     freq (    1) =       2.185762 [THz] =      72.909183 [cm-1]
 ( -0.495600  0.000000 -0.000000  0.000000  0.495600  0.000000 ) 
 ( -0.504361 -0.000000 -0.000000  0.000000  0.504361  0.000000 ) 
     freq (    2) =       4.127974 [THz] =     137.694400 [cm-1]
 ( -0.430547  0.000000 -0.000000 -0.336845 -0.430547 -0.000000 ) 
 (  0.446808  0.000000 -0.000000 -0.341350  0.446808  0.000000 ) 
     freq (    3) =       5.589892 [THz] =     186.458714 [cm-1]
 ( -0.216609 -0.000000  0.000000  0.595677 -0.216609  0.000000 ) 
 (  0.261699 -0.000000  0.000000  0.643706  0.261699  0.000000 ) 
     freq (    4) =       6.010309 [THz] =     200.482345 [cm-1]
 (  0.447832 -0.000000  0.000000 -0.391646  0.447832 -0.000000 ) 
 (  0.410100 -0.000000  0.000000  0.330366  0.410100  0.000000 ) 
     freq (    5) =       7.571371 [THz] =     252.553761 [cm-1]
 ( -0.259145 -0.000000  0.000000 -0.615076 -0.259145 -0.000000 ) 
 ( -0.252377 -0.000000 -0.000000  0.599984 -0.252377  0.000000 ) 
     freq (    6) =       7.574086 [THz] =     252.644319 [cm-1]
 (  0.504361 -0.000000  0.000000  0.000000 -0.504361 -0.000000 ) 
 ( -0.495600 -0.000000 -0.000000 -0.000000  0.495600  0.000000 ) 
 **************************************************************************
