Dynamical matrix file
YOU NEED TO PUT HERE SOME TITLE :)                                         
  1    2  2 11.0000000  0.0000000  0.0000000  0.0000000  0.0000000  0.0000000
           1  'Ge  '    66207.3097484883     
    1    1      0.0000000000      0.0000000000      0.0000000000
    2    1     -0.2500000000      0.2500000000      0.2500000000

     Dynamical  Matrix in cartesian axes

     q = (    0.750000000  -0.250000000   0.750000000 ) 

    1    1
  0.19489346  0.00000000   -0.00492144 -0.00550376    0.00076180  0.00000000
 -0.00492144  0.00550376    0.24070678  0.00000000   -0.00492144  0.00550376
  0.00076180  0.00000000   -0.00492144 -0.00550376    0.19489346  0.00000000
    1    2
 -0.06437979  0.03518054   -0.02669414  0.01942488    0.09692383  0.03253468
 -0.02653653  0.01960198   -0.08659205  0.03338872   -0.02653653  0.01960198
  0.09692383  0.03253468   -0.02669414  0.01942488   -0.06437979  0.03518054
    2    1
 -0.06437979 -0.03518054   -0.02653653 -0.01960198    0.09692383 -0.03253468
 -0.02669414 -0.01942488   -0.08659205 -0.03338872   -0.02669414 -0.01942488
  0.09692383 -0.03253468   -0.02653653 -0.01960198   -0.06437979 -0.03518054
    2    2
  0.18983591  0.00000000   -0.00492210  0.00557334    0.00129432  0.00000000
 -0.00492210 -0.00557334    0.23552974  0.00000000   -0.00492210 -0.00557334
  0.00129432  0.00000000   -0.00492210  0.00557334    0.18983591  0.00000000

     Dynamical  Matrix in cartesian axes

     q = (   -0.750000000   0.250000000  -0.750000000 ) 

    1    1
  0.19489346  0.00000000   -0.00492144  0.00550376    0.00076180  0.00000000
 -0.00492144 -0.00550376    0.24070678  0.00000000   -0.00492144 -0.00550376
  0.00076180  0.00000000   -0.00492144  0.00550376    0.19489346  0.00000000
    1    2
 -0.06437979 -0.03518054   -0.02669414 -0.01942488    0.09692383 -0.03253468
 -0.02653653 -0.01960198   -0.08659205 -0.03338872   -0.02653653 -0.01960198
  0.09692383 -0.03253468   -0.02669414 -0.01942488   -0.06437979 -0.03518054
    2    1
 -0.06437979  0.03518054   -0.02653653  0.01960198    0.09692383  0.03253468
 -0.02669414  0.01942488   -0.08659205  0.03338872   -0.02669414  0.01942488
  0.09692383  0.03253468   -0.02653653  0.01960198   -0.06437979  0.03518054
    2    2
  0.18983591  0.00000000   -0.00492210 -0.00557334    0.00129432  0.00000000
 -0.00492210  0.00557334    0.23552974  0.00000000   -0.00492210  0.00557334
  0.00129432  0.00000000   -0.00492210 -0.00557334    0.18983591  0.00000000

     Dynamical  Matrix in cartesian axes

     q = (   -0.750000000  -0.250000000  -0.750000000 ) 

    1    1
  0.19489346  0.00000000    0.00492144  0.00550376    0.00076180  0.00000000
  0.00492144 -0.00550376    0.24070678  0.00000000    0.00492144 -0.00550376
  0.00076180  0.00000000    0.00492144  0.00550376    0.19489346  0.00000000
    1    2
 -0.06437979  0.03518054    0.02669414 -0.01942488    0.09692383  0.03253468
  0.02653653 -0.01960198   -0.08659205  0.03338872    0.02653653 -0.01960198
  0.09692383  0.03253468    0.02669414 -0.01942488   -0.06437979  0.03518054
    2    1
 -0.06437979 -0.03518054    0.02653653  0.01960198    0.09692383 -0.03253468
  0.02669414  0.01942488   -0.08659205 -0.03338872    0.02669414  0.01942488
  0.09692383 -0.03253468    0.02653653  0.01960198   -0.06437979 -0.03518054
    2    2
  0.18983591  0.00000000    0.00492210 -0.00557334    0.00129432  0.00000000
  0.00492210  0.00557334    0.23552974  0.00000000    0.00492210  0.00557334
  0.00129432  0.00000000    0.00492210 -0.00557334    0.18983591  0.00000000

     Dynamical  Matrix in cartesian axes

     q = (    0.750000000   0.250000000   0.750000000 ) 

    1    1
  0.19489346  0.00000000    0.00492144 -0.00550376    0.00076180  0.00000000
  0.00492144  0.00550376    0.24070678  0.00000000    0.00492144  0.00550376
  0.00076180  0.00000000    0.00492144 -0.00550376    0.19489346  0.00000000
    1    2
 -0.06437979 -0.03518054    0.02669414  0.01942488    0.09692383 -0.03253468
  0.02653653  0.01960198   -0.08659205 -0.03338872    0.02653653  0.01960198
  0.09692383 -0.03253468    0.02669414  0.01942488   -0.06437979 -0.03518054
    2    1
 -0.06437979  0.03518054    0.02653653 -0.01960198    0.09692383  0.03253468
  0.02669414 -0.01942488   -0.08659205  0.03338872    0.02669414 -0.01942488
  0.09692383  0.03253468    0.02653653 -0.01960198   -0.06437979  0.03518054
    2    2
  0.18983591  0.00000000    0.00492210  0.00557334    0.00129432  0.00000000
  0.00492210 -0.00557334    0.23552974  0.00000000    0.00492210 -0.00557334
  0.00129432  0.00000000    0.00492210  0.00557334    0.18983591  0.00000000

     Dynamical  Matrix in cartesian axes

     q = (    0.250000000  -0.750000000   0.750000000 ) 

    1    1
  0.24070678  0.00000000   -0.00492144  0.00550376    0.00492144 -0.00550376
 -0.00492144 -0.00550376    0.19489346  0.00000000   -0.00076180  0.00000000
  0.00492144  0.00550376   -0.00076180  0.00000000    0.19489346  0.00000000
    1    2
 -0.08659205  0.03338872   -0.02653653  0.01960198    0.02653653 -0.01960198
 -0.02669414  0.01942488   -0.06437979  0.03518054   -0.09692383 -0.03253468
  0.02669414 -0.01942488   -0.09692383 -0.03253468   -0.06437979  0.03518054
    2    1
 -0.08659205 -0.03338872   -0.02669414 -0.01942488    0.02669414  0.01942488
 -0.02653653 -0.01960198   -0.06437979 -0.03518054   -0.09692383  0.03253468
  0.02653653  0.01960198   -0.09692383  0.03253468   -0.06437979 -0.03518054
    2    2
  0.23552974  0.00000000   -0.00492210 -0.00557334    0.00492210  0.00557334
 -0.00492210  0.00557334    0.18983591  0.00000000   -0.00129432  0.00000000
  0.00492210 -0.00557334   -0.00129432  0.00000000    0.18983591  0.00000000

     Dynamical  Matrix in cartesian axes

     q = (   -0.250000000   0.750000000  -0.750000000 ) 

    1    1
  0.24070678  0.00000000   -0.00492144 -0.00550376    0.00492144  0.00550376
 -0.00492144  0.00550376    0.19489346  0.00000000   -0.00076180  0.00000000
  0.00492144 -0.00550376   -0.00076180  0.00000000    0.19489346  0.00000000
    1    2
 -0.08659205 -0.03338872   -0.02653653 -0.01960198    0.02653653  0.01960198
 -0.02669414 -0.01942488   -0.06437979 -0.03518054   -0.09692383  0.03253468
  0.02669414  0.01942488   -0.09692383  0.03253468   -0.06437979 -0.03518054
    2    1
 -0.08659205  0.03338872   -0.02669414  0.01942488    0.02669414 -0.01942488
 -0.02653653  0.01960198   -0.06437979  0.03518054   -0.09692383 -0.03253468
  0.02653653 -0.01960198   -0.09692383 -0.03253468   -0.06437979  0.03518054
    2    2
  0.23552974  0.00000000   -0.00492210  0.00557334    0.00492210 -0.00557334
 -0.00492210 -0.00557334    0.18983591  0.00000000   -0.00129432  0.00000000
  0.00492210  0.00557334   -0.00129432  0.00000000    0.18983591  0.00000000

     Dynamical  Matrix in cartesian axes

     q = (   -0.750000000   0.250000000   0.750000000 ) 

    1    1
  0.19489346  0.00000000   -0.00492144 -0.00550376   -0.00076180  0.00000000
 -0.00492144  0.00550376    0.24070678  0.00000000    0.00492144 -0.00550376
 -0.00076180  0.00000000    0.00492144  0.00550376    0.19489346  0.00000000
    1    2
  0.06437979 -0.03518054    0.02669414 -0.01942488    0.09692383  0.03253468
  0.02653653 -0.01960198    0.08659205 -0.03338872   -0.02653653  0.01960198
  0.09692383  0.03253468   -0.02669414  0.01942488    0.06437979 -0.03518054
    2    1
  0.06437979  0.03518054    0.02653653  0.01960198    0.09692383 -0.03253468
  0.02669414  0.01942488    0.08659205  0.03338872   -0.02669414 -0.01942488
  0.09692383 -0.03253468   -0.02653653 -0.01960198    0.06437979  0.03518054
    2    2
  0.18983591  0.00000000   -0.00492210  0.00557334   -0.00129432  0.00000000
 -0.00492210 -0.00557334    0.23552974  0.00000000    0.00492210  0.00557334
 -0.00129432  0.00000000    0.00492210 -0.00557334    0.18983591  0.00000000

     Dynamical  Matrix in cartesian axes

     q = (    0.750000000  -0.250000000  -0.750000000 ) 

    1    1
  0.19489346  0.00000000   -0.00492144  0.00550376   -0.00076180  0.00000000
 -0.00492144 -0.00550376    0.24070678  0.00000000    0.00492144  0.00550376
 -0.00076180  0.00000000    0.00492144 -0.00550376    0.19489346  0.00000000
    1    2
  0.06437979  0.03518054    0.02669414  0.01942488    0.09692383 -0.03253468
  0.02653653  0.01960198    0.08659205  0.03338872   -0.02653653 -0.01960198
  0.09692383 -0.03253468   -0.02669414 -0.01942488    0.06437979  0.03518054
    2    1
  0.06437979 -0.03518054    0.02653653 -0.01960198    0.09692383  0.03253468
  0.02669414 -0.01942488    0.08659205 -0.03338872   -0.02669414  0.01942488
  0.09692383  0.03253468   -0.02653653  0.01960198    0.06437979 -0.03518054
    2    2
  0.18983591  0.00000000   -0.00492210 -0.00557334   -0.00129432  0.00000000
 -0.00492210  0.00557334    0.23552974  0.00000000    0.00492210 -0.00557334
 -0.00129432  0.00000000    0.00492210  0.00557334    0.18983591  0.00000000

     Dynamical  Matrix in cartesian axes

     q = (    0.750000000   0.250000000  -0.750000000 ) 

    1    1
  0.19489346  0.00000000    0.00492144  0.00550376   -0.00076180  0.00000000
  0.00492144 -0.00550376    0.24070678  0.00000000   -0.00492144  0.00550376
 -0.00076180  0.00000000   -0.00492144 -0.00550376    0.19489346  0.00000000
    1    2
 -0.03518054 -0.06437979    0.01942488  0.02669414    0.03253468 -0.09692383
  0.01960198  0.02653653   -0.03338872 -0.08659205   -0.01960198 -0.02653653
  0.03253468 -0.09692383   -0.01942488 -0.02669414   -0.03518054 -0.06437979
    2    1
 -0.03518054  0.06437979    0.01960198 -0.02653653    0.03253468  0.09692383
  0.01942488 -0.02669414   -0.03338872  0.08659205   -0.01942488  0.02669414
  0.03253468  0.09692383   -0.01960198  0.02653653   -0.03518054  0.06437979
    2    2
  0.18983591  0.00000000    0.00492210 -0.00557334   -0.00129432  0.00000000
  0.00492210  0.00557334    0.23552974  0.00000000   -0.00492210 -0.00557334
 -0.00129432  0.00000000   -0.00492210  0.00557334    0.18983591  0.00000000

     Dynamical  Matrix in cartesian axes

     q = (   -0.750000000  -0.250000000   0.750000000 ) 

    1    1
  0.19489346  0.00000000    0.00492144 -0.00550376   -0.00076180  0.00000000
  0.00492144  0.00550376    0.24070678  0.00000000   -0.00492144 -0.00550376
 -0.00076180  0.00000000   -0.00492144  0.00550376    0.19489346  0.00000000
    1    2
 -0.03518054  0.06437979    0.01942488 -0.02669414    0.03253468  0.09692383
  0.01960198 -0.02653653   -0.03338872  0.08659205   -0.01960198  0.02653653
  0.03253468  0.09692383   -0.01942488  0.02669414   -0.03518054  0.06437979
    2    1
 -0.03518054 -0.06437979    0.01960198  0.02653653    0.03253468 -0.09692383
  0.01942488  0.02669414   -0.03338872 -0.08659205   -0.01942488 -0.02669414
  0.03253468 -0.09692383   -0.01960198 -0.02653653   -0.03518054 -0.06437979
    2    2
  0.18983591  0.00000000    0.00492210  0.00557334   -0.00129432  0.00000000
  0.00492210 -0.00557334    0.23552974  0.00000000   -0.00492210  0.00557334
 -0.00129432  0.00000000   -0.00492210 -0.00557334    0.18983591  0.00000000

     Dynamical  Matrix in cartesian axes

     q = (    0.750000000   0.750000000  -0.250000000 ) 

    1    1
  0.19489346  0.00000000    0.00076180  0.00000000   -0.00492144 -0.00550376
  0.00076180  0.00000000    0.19489346  0.00000000   -0.00492144 -0.00550376
 -0.00492144  0.00550376   -0.00492144  0.00550376    0.24070678  0.00000000
    1    2
 -0.06437979  0.03518054    0.09692383  0.03253468   -0.02669414  0.01942488
  0.09692383  0.03253468   -0.06437979  0.03518054   -0.02669414  0.01942488
 -0.02653653  0.01960198   -0.02653653  0.01960198   -0.08659205  0.03338872
    2    1
 -0.06437979 -0.03518054    0.09692383 -0.03253468   -0.02653653 -0.01960198
  0.09692383 -0.03253468   -0.06437979 -0.03518054   -0.02653653 -0.01960198
 -0.02669414 -0.01942488   -0.02669414 -0.01942488   -0.08659205 -0.03338872
    2    2
  0.18983591  0.00000000    0.00129432  0.00000000   -0.00492210  0.00557334
  0.00129432  0.00000000    0.18983591  0.00000000   -0.00492210  0.00557334
 -0.00492210 -0.00557334   -0.00492210 -0.00557334    0.23552974  0.00000000

     Dynamical  Matrix in cartesian axes

     q = (   -0.750000000  -0.750000000   0.250000000 ) 

    1    1
  0.19489346  0.00000000    0.00076180  0.00000000   -0.00492144  0.00550376
  0.00076180  0.00000000    0.19489346  0.00000000   -0.00492144  0.00550376
 -0.00492144 -0.00550376   -0.00492144 -0.00550376    0.24070678  0.00000000
    1    2
 -0.06437979 -0.03518054    0.09692383 -0.03253468   -0.02669414 -0.01942488
  0.09692383 -0.03253468   -0.06437979 -0.03518054   -0.02669414 -0.01942488
 -0.02653653 -0.01960198   -0.02653653 -0.01960198   -0.08659205 -0.03338872
    2    1
 -0.06437979  0.03518054    0.09692383  0.03253468   -0.02653653  0.01960198
  0.09692383  0.03253468   -0.06437979  0.03518054   -0.02653653  0.01960198
 -0.02669414  0.01942488   -0.02669414  0.01942488   -0.08659205  0.03338872
    2    2
  0.18983591  0.00000000    0.00129432  0.00000000   -0.00492210 -0.00557334
  0.00129432  0.00000000    0.18983591  0.00000000   -0.00492210 -0.00557334
 -0.00492210  0.00557334   -0.00492210  0.00557334    0.23552974  0.00000000

     Dynamical  Matrix in cartesian axes

     q = (   -0.750000000  -0.750000000  -0.250000000 ) 

    1    1
  0.19489346  0.00000000    0.00076180  0.00000000    0.00492144  0.00550376
  0.00076180  0.00000000    0.19489346  0.00000000    0.00492144  0.00550376
  0.00492144 -0.00550376    0.00492144 -0.00550376    0.24070678  0.00000000
    1    2
 -0.06437979  0.03518054    0.09692383  0.03253468    0.02669414 -0.01942488
  0.09692383  0.03253468   -0.06437979  0.03518054    0.02669414 -0.01942488
  0.02653653 -0.01960198    0.02653653 -0.01960198   -0.08659205  0.03338872
    2    1
 -0.06437979 -0.03518054    0.09692383 -0.03253468    0.02653653  0.01960198
  0.09692383 -0.03253468   -0.06437979 -0.03518054    0.02653653  0.01960198
  0.02669414  0.01942488    0.02669414  0.01942488   -0.08659205 -0.03338872
    2    2
  0.18983591  0.00000000    0.00129432  0.00000000    0.00492210 -0.00557334
  0.00129432  0.00000000    0.18983591  0.00000000    0.00492210 -0.00557334
  0.00492210  0.00557334    0.00492210  0.00557334    0.23552974  0.00000000

     Dynamical  Matrix in cartesian axes

     q = (    0.750000000   0.750000000   0.250000000 ) 

    1    1
  0.19489346  0.00000000    0.00076180  0.00000000    0.00492144 -0.00550376
  0.00076180  0.00000000    0.19489346  0.00000000    0.00492144 -0.00550376
  0.00492144  0.00550376    0.00492144  0.00550376    0.24070678  0.00000000
    1    2
 -0.06437979 -0.03518054    0.09692383 -0.03253468    0.02669414  0.01942488
  0.09692383 -0.03253468   -0.06437979 -0.03518054    0.02669414  0.01942488
  0.02653653  0.01960198    0.02653653  0.01960198   -0.08659205 -0.03338872
    2    1
 -0.06437979  0.03518054    0.09692383  0.03253468    0.02653653 -0.01960198
  0.09692383  0.03253468   -0.06437979  0.03518054    0.02653653 -0.01960198
  0.02669414 -0.01942488    0.02669414 -0.01942488   -0.08659205  0.03338872
    2    2
  0.18983591  0.00000000    0.00129432  0.00000000    0.00492210  0.00557334
  0.00129432  0.00000000    0.18983591  0.00000000    0.00492210  0.00557334
  0.00492210 -0.00557334    0.00492210 -0.00557334    0.23552974  0.00000000

     Dynamical  Matrix in cartesian axes

     q = (   -0.750000000   0.750000000   0.250000000 ) 

    1    1
  0.19489346  0.00000000   -0.00076180  0.00000000   -0.00492144 -0.00550376
 -0.00076180  0.00000000    0.19489346  0.00000000    0.00492144  0.00550376
 -0.00492144  0.00550376    0.00492144 -0.00550376    0.24070678  0.00000000
    1    2
  0.06437979 -0.03518054    0.09692383  0.03253468    0.02669414 -0.01942488
  0.09692383  0.03253468    0.06437979 -0.03518054   -0.02669414  0.01942488
  0.02653653 -0.01960198   -0.02653653  0.01960198    0.08659205 -0.03338872
    2    1
  0.06437979  0.03518054    0.09692383 -0.03253468    0.02653653  0.01960198
  0.09692383 -0.03253468    0.06437979  0.03518054   -0.02653653 -0.01960198
  0.02669414  0.01942488   -0.02669414 -0.01942488    0.08659205  0.03338872
    2    2
  0.18983591  0.00000000   -0.00129432  0.00000000   -0.00492210  0.00557334
 -0.00129432  0.00000000    0.18983591  0.00000000    0.00492210 -0.00557334
 -0.00492210 -0.00557334    0.00492210  0.00557334    0.23552974  0.00000000

     Dynamical  Matrix in cartesian axes

     q = (    0.750000000  -0.750000000  -0.250000000 ) 

    1    1
  0.19489346  0.00000000   -0.00076180  0.00000000   -0.00492144  0.00550376
 -0.00076180  0.00000000    0.19489346  0.00000000    0.00492144 -0.00550376
 -0.00492144 -0.00550376    0.00492144  0.00550376    0.24070678  0.00000000
    1    2
  0.06437979  0.03518054    0.09692383 -0.03253468    0.02669414  0.01942488
  0.09692383 -0.03253468    0.06437979  0.03518054   -0.02669414 -0.01942488
  0.02653653  0.01960198   -0.02653653 -0.01960198    0.08659205  0.03338872
    2    1
  0.06437979 -0.03518054    0.09692383  0.03253468    0.02653653 -0.01960198
  0.09692383  0.03253468    0.06437979 -0.03518054   -0.02653653  0.01960198
  0.02669414 -0.01942488   -0.02669414  0.01942488    0.08659205 -0.03338872
    2    2
  0.18983591  0.00000000   -0.00129432  0.00000000   -0.00492210 -0.00557334
 -0.00129432  0.00000000    0.18983591  0.00000000    0.00492210  0.00557334
 -0.00492210  0.00557334    0.00492210 -0.00557334    0.23552974  0.00000000

     Dynamical  Matrix in cartesian axes

     q = (   -0.250000000   0.750000000   0.750000000 ) 

    1    1
  0.24070678  0.00000000   -0.00492144  0.00550376   -0.00492144  0.00550376
 -0.00492144 -0.00550376    0.19489346  0.00000000    0.00076180  0.00000000
 -0.00492144 -0.00550376    0.00076180  0.00000000    0.19489346  0.00000000
    1    2
  0.08659205 -0.03338872    0.02653653 -0.01960198    0.02653653 -0.01960198
  0.02669414 -0.01942488    0.06437979 -0.03518054   -0.09692383 -0.03253468
  0.02669414 -0.01942488   -0.09692383 -0.03253468    0.06437979 -0.03518054
    2    1
  0.08659205  0.03338872    0.02669414  0.01942488    0.02669414  0.01942488
  0.02653653  0.01960198    0.06437979  0.03518054   -0.09692383  0.03253468
  0.02653653  0.01960198   -0.09692383  0.03253468    0.06437979  0.03518054
    2    2
  0.23552974  0.00000000   -0.00492210 -0.00557334   -0.00492210 -0.00557334
 -0.00492210  0.00557334    0.18983591  0.00000000    0.00129432  0.00000000
 -0.00492210  0.00557334    0.00129432  0.00000000    0.18983591  0.00000000

     Dynamical  Matrix in cartesian axes

     q = (    0.250000000  -0.750000000  -0.750000000 ) 

    1    1
  0.24070678  0.00000000   -0.00492144 -0.00550376   -0.00492144 -0.00550376
 -0.00492144  0.00550376    0.19489346  0.00000000    0.00076180  0.00000000
 -0.00492144  0.00550376    0.00076180  0.00000000    0.19489346  0.00000000
    1    2
  0.08659205  0.03338872    0.02653653  0.01960198    0.02653653  0.01960198
  0.02669414  0.01942488    0.06437979  0.03518054   -0.09692383  0.03253468
  0.02669414  0.01942488   -0.09692383  0.03253468    0.06437979  0.03518054
    2    1
  0.08659205 -0.03338872    0.02669414 -0.01942488    0.02669414 -0.01942488
  0.02653653 -0.01960198    0.06437979 -0.03518054   -0.09692383 -0.03253468
  0.02653653 -0.01960198   -0.09692383 -0.03253468    0.06437979 -0.03518054
    2    2
  0.23552974  0.00000000   -0.00492210  0.00557334   -0.00492210  0.00557334
 -0.00492210 -0.00557334    0.18983591  0.00000000    0.00129432  0.00000000
 -0.00492210 -0.00557334    0.00129432  0.00000000    0.18983591  0.00000000

     Dynamical  Matrix in cartesian axes

     q = (    0.250000000   0.750000000  -0.750000000 ) 

    1    1
  0.24070678  0.00000000    0.00492144 -0.00550376   -0.00492144  0.00550376
  0.00492144  0.00550376    0.19489346  0.00000000   -0.00076180  0.00000000
 -0.00492144 -0.00550376   -0.00076180  0.00000000    0.19489346  0.00000000
    1    2
 -0.08659205  0.03338872    0.02653653 -0.01960198   -0.02653653  0.01960198
  0.02669414 -0.01942488   -0.06437979  0.03518054   -0.09692383 -0.03253468
 -0.02669414  0.01942488   -0.09692383 -0.03253468   -0.06437979  0.03518054
    2    1
 -0.08659205 -0.03338872    0.02669414  0.01942488   -0.02669414 -0.01942488
  0.02653653  0.01960198   -0.06437979 -0.03518054   -0.09692383  0.03253468
 -0.02653653 -0.01960198   -0.09692383  0.03253468   -0.06437979 -0.03518054
    2    2
  0.23552974  0.00000000    0.00492210  0.00557334   -0.00492210 -0.00557334
  0.00492210 -0.00557334    0.18983591  0.00000000   -0.00129432  0.00000000
 -0.00492210  0.00557334   -0.00129432  0.00000000    0.18983591  0.00000000

     Dynamical  Matrix in cartesian axes

     q = (   -0.250000000  -0.750000000   0.750000000 ) 

    1    1
  0.24070678  0.00000000    0.00492144  0.00550376   -0.00492144 -0.00550376
  0.00492144 -0.00550376    0.19489346  0.00000000   -0.00076180  0.00000000
 -0.00492144  0.00550376   -0.00076180  0.00000000    0.19489346  0.00000000
    1    2
 -0.08659205 -0.03338872    0.02653653  0.01960198   -0.02653653 -0.01960198
  0.02669414  0.01942488   -0.06437979 -0.03518054   -0.09692383  0.03253468
 -0.02669414 -0.01942488   -0.09692383  0.03253468   -0.06437979 -0.03518054
    2    1
 -0.08659205  0.03338872    0.02669414 -0.01942488   -0.02669414  0.01942488
  0.02653653 -0.01960198   -0.06437979  0.03518054   -0.09692383 -0.03253468
 -0.02653653  0.01960198   -0.09692383 -0.03253468   -0.06437979  0.03518054
    2    2
  0.23552974  0.00000000    0.00492210 -0.00557334   -0.00492210  0.00557334
  0.00492210  0.00557334    0.18983591  0.00000000   -0.00129432  0.00000000
 -0.00492210 -0.00557334   -0.00129432  0.00000000    0.18983591  0.00000000

     Dynamical  Matrix in cartesian axes

     q = (   -0.250000000  -0.750000000  -0.750000000 ) 

    1    1
  0.24070678  0.00000000    0.00492144 -0.00550376    0.00492144 -0.00550376
  0.00492144  0.00550376    0.19489346  0.00000000    0.00076180  0.00000000
  0.00492144  0.00550376    0.00076180  0.00000000    0.19489346  0.00000000
    1    2
 -0.03338872 -0.08659205    0.01960198  0.02653653    0.01960198  0.02653653
  0.01942488  0.02669414   -0.03518054 -0.06437979   -0.03253468  0.09692383
  0.01942488  0.02669414   -0.03253468  0.09692383   -0.03518054 -0.06437979
    2    1
 -0.03338872  0.08659205    0.01942488 -0.02669414    0.01942488 -0.02669414
  0.01960198 -0.02653653   -0.03518054  0.06437979   -0.03253468 -0.09692383
  0.01960198 -0.02653653   -0.03253468 -0.09692383   -0.03518054  0.06437979
    2    2
  0.23552974  0.00000000    0.00492210  0.00557334    0.00492210  0.00557334
  0.00492210 -0.00557334    0.18983591  0.00000000    0.00129432  0.00000000
  0.00492210 -0.00557334    0.00129432  0.00000000    0.18983591  0.00000000

     Dynamical  Matrix in cartesian axes

     q = (    0.250000000   0.750000000   0.750000000 ) 

    1    1
  0.24070678  0.00000000    0.00492144  0.00550376    0.00492144  0.00550376
  0.00492144 -0.00550376    0.19489346  0.00000000    0.00076180  0.00000000
  0.00492144 -0.00550376    0.00076180  0.00000000    0.19489346  0.00000000
    1    2
 -0.03338872  0.08659205    0.01960198 -0.02653653    0.01960198 -0.02653653
  0.01942488 -0.02669414   -0.03518054  0.06437979   -0.03253468 -0.09692383
  0.01942488 -0.02669414   -0.03253468 -0.09692383   -0.03518054  0.06437979
    2    1
 -0.03338872 -0.08659205    0.01942488  0.02669414    0.01942488  0.02669414
  0.01960198  0.02653653   -0.03518054 -0.06437979   -0.03253468  0.09692383
  0.01960198  0.02653653   -0.03253468  0.09692383   -0.03518054 -0.06437979
    2    2
  0.23552974  0.00000000    0.00492210 -0.00557334    0.00492210 -0.00557334
  0.00492210  0.00557334    0.18983591  0.00000000    0.00129432  0.00000000
  0.00492210  0.00557334    0.00129432  0.00000000    0.18983591  0.00000000

     Dynamical  Matrix in cartesian axes

     q = (    0.750000000  -0.750000000   0.250000000 ) 

    1    1
  0.19489346  0.00000000   -0.00076180  0.00000000    0.00492144  0.00550376
 -0.00076180  0.00000000    0.19489346  0.00000000   -0.00492144 -0.00550376
  0.00492144 -0.00550376   -0.00492144  0.00550376    0.24070678  0.00000000
    1    2
 -0.03518054 -0.06437979    0.03253468 -0.09692383    0.01942488  0.02669414
  0.03253468 -0.09692383   -0.03518054 -0.06437979   -0.01942488 -0.02669414
  0.01960198  0.02653653   -0.01960198 -0.02653653   -0.03338872 -0.08659205
    2    1
 -0.03518054  0.06437979    0.03253468  0.09692383    0.01960198 -0.02653653
  0.03253468  0.09692383   -0.03518054  0.06437979   -0.01960198  0.02653653
  0.01942488 -0.02669414   -0.01942488  0.02669414   -0.03338872  0.08659205
    2    2
  0.18983591  0.00000000   -0.00129432  0.00000000    0.00492210 -0.00557334
 -0.00129432  0.00000000    0.18983591  0.00000000   -0.00492210  0.00557334
  0.00492210  0.00557334   -0.00492210 -0.00557334    0.23552974  0.00000000

     Dynamical  Matrix in cartesian axes

     q = (   -0.750000000   0.750000000  -0.250000000 ) 

    1    1
  0.19489346  0.00000000   -0.00076180  0.00000000    0.00492144 -0.00550376
 -0.00076180  0.00000000    0.19489346  0.00000000   -0.00492144  0.00550376
  0.00492144  0.00550376   -0.00492144 -0.00550376    0.24070678  0.00000000
    1    2
 -0.03518054  0.06437979    0.03253468  0.09692383    0.01942488 -0.02669414
  0.03253468  0.09692383   -0.03518054  0.06437979   -0.01942488  0.02669414
  0.01960198 -0.02653653   -0.01960198  0.02653653   -0.03338872  0.08659205
    2    1
 -0.03518054 -0.06437979    0.03253468 -0.09692383    0.01960198  0.02653653
  0.03253468 -0.09692383   -0.03518054 -0.06437979   -0.01960198 -0.02653653
  0.01942488  0.02669414   -0.01942488 -0.02669414   -0.03338872 -0.08659205
    2    2
  0.18983591  0.00000000   -0.00129432  0.00000000    0.00492210  0.00557334
 -0.00129432  0.00000000    0.18983591  0.00000000   -0.00492210 -0.00557334
  0.00492210 -0.00557334   -0.00492210  0.00557334    0.23552974  0.00000000

     Diagonalizing the dynamical matrix

     q = (    0.750000000  -0.250000000   0.750000000 ) 

 **************************************************************************
     freq (    1) =       2.214060 [THz] =      73.853079 [cm-1]
 ( -0.495584  0.008129 -0.000000  0.000000  0.495584 -0.008129 ) 
 ( -0.504312 -0.000000 -0.000000  0.000000  0.504312  0.000000 ) 
     freq (    2) =       3.800216 [THz] =     126.761564 [cm-1]
 ( -0.065566 -0.388468  0.227861 -0.357000 -0.065566 -0.388468 ) 
 (  0.403440  0.000000  0.320774 -0.285999  0.403440  0.000000 ) 
     freq (    3) =       5.155657 [THz] =     171.974218 [cm-1]
 ( -0.318464 -0.069892  0.112711  0.502909 -0.318464 -0.069892 ) 
 (  0.339689  0.000000 -0.246469  0.479839  0.339689  0.000000 ) 
     freq (    4) =       6.513263 [THz] =     217.259064 [cm-1]
 (  0.293917  0.314658 -0.131113 -0.365159  0.293917  0.314658 ) 
 (  0.411955  0.000000 -0.348692  0.132945  0.411955  0.000000 ) 
     freq (    5) =       7.591781 [THz] =     253.234558 [cm-1]
 (  0.059341  0.222647 -0.333716  0.541397  0.059341  0.222647 ) 
 (  0.228343 -0.000000  0.428983 -0.448363  0.228343  0.000000 ) 
     freq (    6) =       7.593050 [THz] =     253.276891 [cm-1]
 (  0.504244 -0.008271 -0.000000  0.000000 -0.504244  0.008271 ) 
 ( -0.495650  0.000000  0.000000 -0.000000  0.495650  0.000000 ) 
 **************************************************************************
