Dynamical matrix file
YOU NEED TO PUT HERE SOME TITLE :)                                         
  1    2  2 11.0000000  0.0000000  0.0000000  0.0000000  0.0000000  0.0000000
           1  'Ge  '    66207.3097484883     
    1    1      0.0000000000      0.0000000000      0.0000000000
    2    1     -0.2500000000      0.2500000000      0.2500000000

     Dynamical  Matrix in cartesian axes

     q = (   -0.500000000  -1.000000000   0.000000000 ) 

    1    1
  0.18333764 -0.00000000   -0.00000000 -0.00000000    0.00000000 -0.00000000
 -0.00000000 -0.00000000    0.20728722 -0.00000000    0.00000000  0.01116575
  0.00000000 -0.00000000    0.00000000 -0.01116575    0.20728722 -0.00000000
    1    2
  0.00000000  0.00000000    0.05760527  0.05760527    0.05760527 -0.05760527
  0.05759822  0.05759822    0.00000000  0.00000000   -0.00000000 -0.00000000
  0.05759822 -0.05759822   -0.00000000 -0.00000000    0.00000000  0.00000000
    2    1
 -0.00000000  0.00000000    0.05759822 -0.05759822    0.05759822  0.05759822
  0.05760527 -0.05760527    0.00000000  0.00000000    0.00000000  0.00000000
  0.05760527  0.05760527   -0.00000000  0.00000000    0.00000000  0.00000000
    2    2
  0.17867410  0.00000000   -0.00000000  0.00000000    0.00000000  0.00000000
 -0.00000000  0.00000000    0.20285667  0.00000000    0.00000000 -0.01121338
  0.00000000  0.00000000    0.00000000  0.01121338    0.20285667  0.00000000

     Dynamical  Matrix in cartesian axes

     q = (    0.000000000   1.000000000  -0.500000000 ) 

    1    1
  0.20728722  0.00000000   -0.00000000 -0.01116575    0.00000000  0.00000000
 -0.00000000  0.01116575    0.20728722  0.00000000    0.00000000 -0.00000000
  0.00000000  0.00000000    0.00000000 -0.00000000    0.18333764  0.00000000
    1    2
  0.00000000 -0.00000000    0.00000000 -0.00000000    0.05759822  0.05759822
  0.00000000  0.00000000    0.00000000  0.00000000   -0.05759822  0.05759822
  0.05760527  0.05760527   -0.05760527  0.05760527    0.00000000  0.00000000
    2    1
  0.00000000 -0.00000000    0.00000000 -0.00000000    0.05760527 -0.05760527
  0.00000000 -0.00000000    0.00000000 -0.00000000   -0.05760527 -0.05760527
  0.05759822 -0.05759822   -0.05759822 -0.05759822   -0.00000000 -0.00000000
    2    2
  0.20285667  0.00000000   -0.00000000  0.01121338    0.00000000  0.00000000
 -0.00000000 -0.01121338    0.20285667  0.00000000    0.00000000  0.00000000
  0.00000000  0.00000000    0.00000000  0.00000000    0.17867410  0.00000000

     Dynamical  Matrix in cartesian axes

     q = (    0.000000000   1.000000000   0.500000000 ) 

    1    1
  0.20728722  0.00000000    0.00000000  0.01116575   -0.00000000  0.00000000
  0.00000000 -0.01116575    0.20728722  0.00000000   -0.00000000  0.00000000
  0.00000000  0.00000000    0.00000000 -0.00000000    0.18333764  0.00000000
    1    2
  0.00000000  0.00000000    0.00000000  0.00000000    0.05759822 -0.05759822
 -0.00000000 -0.00000000   -0.00000000 -0.00000000   -0.05759822 -0.05759822
  0.05760527 -0.05760527   -0.05760527 -0.05760527   -0.00000000 -0.00000000
    2    1
  0.00000000  0.00000000    0.00000000  0.00000000    0.05760527  0.05760527
  0.00000000  0.00000000    0.00000000  0.00000000   -0.05760527  0.05760527
  0.05759822  0.05759822   -0.05759822  0.05759822   -0.00000000  0.00000000
    2    2
  0.20285667  0.00000000    0.00000000 -0.01121338    0.00000000  0.00000000
 -0.00000000  0.01121338    0.20285667  0.00000000   -0.00000000  0.00000000
  0.00000000  0.00000000    0.00000000  0.00000000    0.17867410  0.00000000

     Dynamical  Matrix in cartesian axes

     q = (    0.500000000   1.000000000   0.000000000 ) 

    1    1
  0.18333764 -0.00000000    0.00000000 -0.00000000    0.00000000 -0.00000000
  0.00000000 -0.00000000    0.20728722 -0.00000000   -0.00000000 -0.01116575
 -0.00000000  0.00000000   -0.00000000  0.01116575    0.20728722  0.00000000
    1    2
  0.00000000  0.00000000    0.05760527 -0.05760527    0.05760527  0.05760527
  0.05759822 -0.05759822    0.00000000  0.00000000   -0.00000000 -0.00000000
  0.05759822  0.05759822    0.00000000 -0.00000000    0.00000000  0.00000000
    2    1
 -0.00000000 -0.00000000    0.05759822  0.05759822    0.05759822 -0.05759822
  0.05760527  0.05760527    0.00000000 -0.00000000   -0.00000000  0.00000000
  0.05760527 -0.05760527   -0.00000000  0.00000000    0.00000000 -0.00000000
    2    2
  0.17867410  0.00000000   -0.00000000  0.00000000    0.00000000  0.00000000
 -0.00000000  0.00000000    0.20285667  0.00000000   -0.00000000  0.01121338
  0.00000000  0.00000000    0.00000000 -0.01121338    0.20285667  0.00000000

     Dynamical  Matrix in cartesian axes

     q = (    0.000000000  -0.500000000  -1.000000000 ) 

    1    1
  0.20728722  0.00000000    0.00000000  0.00000000    0.00000000 -0.01116575
  0.00000000  0.00000000    0.18333764  0.00000000    0.00000000 -0.00000000
  0.00000000  0.01116575    0.00000000  0.00000000    0.20728722  0.00000000
    1    2
  0.00000000  0.00000000    0.05759822  0.05759822    0.00000000  0.00000000
  0.05760527  0.05760527    0.00000000  0.00000000   -0.05760527  0.05760527
  0.00000000  0.00000000   -0.05759822  0.05759822    0.00000000  0.00000000
    2    1
  0.00000000 -0.00000000    0.05760527 -0.05760527    0.00000000 -0.00000000
  0.05759822 -0.05759822   -0.00000000  0.00000000   -0.05759822 -0.05759822
  0.00000000 -0.00000000   -0.05760527 -0.05760527    0.00000000 -0.00000000
    2    2
  0.20285667  0.00000000    0.00000000  0.00000000    0.00000000  0.01121338
  0.00000000  0.00000000    0.17867410  0.00000000    0.00000000  0.00000000
  0.00000000 -0.01121338    0.00000000  0.00000000    0.20285667  0.00000000

     Dynamical  Matrix in cartesian axes

     q = (    0.000000000   0.500000000  -1.000000000 ) 

    1    1
  0.20728722 -0.00000000    0.00000000 -0.00000000    0.00000000  0.01116575
  0.00000000 -0.00000000    0.18333764 -0.00000000    0.00000000  0.00000000
  0.00000000 -0.01116575    0.00000000  0.00000000    0.20728722  0.00000000
    1    2
 -0.00000000  0.00000000    0.05759822 -0.05759822   -0.00000000  0.00000000
  0.05760527 -0.05760527    0.00000000  0.00000000   -0.05760527 -0.05760527
  0.00000000  0.00000000   -0.05759822 -0.05759822    0.00000000  0.00000000
    2    1
  0.00000000  0.00000000    0.05760527  0.05760527    0.00000000  0.00000000
  0.05759822  0.05759822    0.00000000 -0.00000000   -0.05759822  0.05759822
 -0.00000000  0.00000000   -0.05760527  0.05760527   -0.00000000  0.00000000
    2    2
  0.20285667  0.00000000   -0.00000000  0.00000000    0.00000000 -0.01121338
 -0.00000000  0.00000000    0.17867410  0.00000000   -0.00000000  0.00000000
  0.00000000  0.01121338    0.00000000  0.00000000    0.20285667  0.00000000

     Diagonalizing the dynamical matrix

     q = (   -0.500000000  -1.000000000   0.000000000 ) 

 **************************************************************************
     freq (    1) =       3.653708 [THz] =     121.874592 [cm-1]
 ( -0.000000  0.000000 -0.176307  0.419977  0.419977  0.176307 ) 
 ( -0.289347 -0.708059 -0.000000 -0.000000  0.000000  0.000000 ) 
     freq (    2) =       3.671793 [THz] =     122.477831 [cm-1]
 ( -0.532025  0.532025  0.000000 -0.000000 -0.000000 -0.000000 ) 
 (  0.000000  0.000000  0.000000 -0.465778  0.465778  0.000000 ) 
     freq (    3) =       5.597175 [THz] =     186.701660 [cm-1]
 (  0.000000 -0.000000 -0.000000  0.000000 -0.000000 -0.000000 ) 
 ( -0.000000 -0.000000 -0.000000  0.707107  0.707107  0.000000 ) 
     freq (    4) =       5.662193 [THz] =     188.870416 [cm-1]
 ( -0.000000  0.000000  0.500000 -0.500000  0.500000  0.500000 ) 
 ( -0.000000  0.000000 -0.000000  0.000000  0.000000  0.000000 ) 
     freq (    5) =       7.175171 [THz] =     239.337941 [cm-1]
 ( -0.465778  0.465778  0.000000  0.000000  0.000000 -0.000000 ) 
 (  0.000000  0.000000 -0.000000  0.532025 -0.532025  0.000000 ) 
     freq (    6) =       7.181204 [THz] =     239.539167 [cm-1]
 (  0.000000 -0.000000  0.228594  0.490183  0.490183 -0.228594 ) 
 (  0.605311  0.220294  0.000000 -0.000000  0.000000  0.000000 ) 
 **************************************************************************
