Dynamical matrix file
YOU NEED TO PUT HERE SOME TITLE :)                                         
  1    2  2 11.0000000  0.0000000  0.0000000  0.0000000  0.0000000  0.0000000
           1  'Ge  '    66207.3097484883     
    1    1      0.0000000000      0.0000000000      0.0000000000
    2    1     -0.2500000000      0.2500000000      0.2500000000

     Dynamical  Matrix in cartesian axes

     q = (   -0.125000000   0.625000000  -0.125000000 ) 

    1    1
  0.20167965  0.00000000   -0.00222221 -0.00251609    0.00105680  0.00000000
 -0.00222221  0.00251609    0.25164761  0.00000000   -0.00222221  0.00251609
  0.00105680  0.00000000   -0.00222221 -0.00251609    0.20167965  0.00000000
    1    2
 -0.06991894  0.09434893   -0.01825839  0.00929730    0.07755544  0.04686876
 -0.01808863  0.00931953   -0.08496946  0.10236668   -0.01808863  0.00931953
  0.07755544  0.04686876   -0.01825839  0.00929730   -0.06991894  0.09434893
    2    1
 -0.06991894 -0.09434893   -0.01808863 -0.00931953    0.07755544 -0.04686876
 -0.01825839 -0.00929730   -0.08496946 -0.10236668   -0.01825839 -0.00929730
  0.07755544 -0.04686876   -0.01808863 -0.00931953   -0.06991894 -0.09434893
    2    2
  0.19717786  0.00000000   -0.00266442  0.00252569    0.00157941  0.00000000
 -0.00266442 -0.00252569    0.24762479  0.00000000   -0.00266442 -0.00252569
  0.00157941  0.00000000   -0.00266442  0.00252569    0.19717786  0.00000000

     Dynamical  Matrix in cartesian axes

     q = (    0.125000000  -0.625000000   0.125000000 ) 

    1    1
  0.20167965  0.00000000   -0.00222221  0.00251609    0.00105680  0.00000000
 -0.00222221 -0.00251609    0.25164761  0.00000000   -0.00222221 -0.00251609
  0.00105680  0.00000000   -0.00222221  0.00251609    0.20167965  0.00000000
    1    2
 -0.06991894 -0.09434893   -0.01825839 -0.00929730    0.07755544 -0.04686876
 -0.01808863 -0.00931953   -0.08496946 -0.10236668   -0.01808863 -0.00931953
  0.07755544 -0.04686876   -0.01825839 -0.00929730   -0.06991894 -0.09434893
    2    1
 -0.06991894  0.09434893   -0.01808863  0.00931953    0.07755544  0.04686876
 -0.01825839  0.00929730   -0.08496946  0.10236668   -0.01825839  0.00929730
  0.07755544  0.04686876   -0.01808863  0.00931953   -0.06991894  0.09434893
    2    2
  0.19717786  0.00000000   -0.00266442 -0.00252569    0.00157941  0.00000000
 -0.00266442  0.00252569    0.24762479  0.00000000   -0.00266442  0.00252569
  0.00157941  0.00000000   -0.00266442 -0.00252569    0.19717786  0.00000000

     Dynamical  Matrix in cartesian axes

     q = (    0.125000000   0.625000000   0.125000000 ) 

    1    1
  0.20167965  0.00000000    0.00222221  0.00251609    0.00105680  0.00000000
  0.00222221 -0.00251609    0.25164761  0.00000000    0.00222221 -0.00251609
  0.00105680  0.00000000    0.00222221  0.00251609    0.20167965  0.00000000
    1    2
 -0.06991894  0.09434893    0.01825839 -0.00929730    0.07755544  0.04686876
  0.01808863 -0.00931953   -0.08496946  0.10236668    0.01808863 -0.00931953
  0.07755544  0.04686876    0.01825839 -0.00929730   -0.06991894  0.09434893
    2    1
 -0.06991894 -0.09434893    0.01808863  0.00931953    0.07755544 -0.04686876
  0.01825839  0.00929730   -0.08496946 -0.10236668    0.01825839  0.00929730
  0.07755544 -0.04686876    0.01808863  0.00931953   -0.06991894 -0.09434893
    2    2
  0.19717786  0.00000000    0.00266442 -0.00252569    0.00157941  0.00000000
  0.00266442  0.00252569    0.24762479  0.00000000    0.00266442  0.00252569
  0.00157941  0.00000000    0.00266442 -0.00252569    0.19717786  0.00000000

     Dynamical  Matrix in cartesian axes

     q = (   -0.125000000  -0.625000000  -0.125000000 ) 

    1    1
  0.20167965  0.00000000    0.00222221 -0.00251609    0.00105680  0.00000000
  0.00222221  0.00251609    0.25164761  0.00000000    0.00222221  0.00251609
  0.00105680  0.00000000    0.00222221 -0.00251609    0.20167965  0.00000000
    1    2
 -0.06991894 -0.09434893    0.01825839  0.00929730    0.07755544 -0.04686876
  0.01808863  0.00931953   -0.08496946 -0.10236668    0.01808863  0.00931953
  0.07755544 -0.04686876    0.01825839  0.00929730   -0.06991894 -0.09434893
    2    1
 -0.06991894  0.09434893    0.01808863 -0.00931953    0.07755544  0.04686876
  0.01825839 -0.00929730   -0.08496946  0.10236668    0.01825839 -0.00929730
  0.07755544  0.04686876    0.01808863 -0.00931953   -0.06991894  0.09434893
    2    2
  0.19717786  0.00000000    0.00266442  0.00252569    0.00157941  0.00000000
  0.00266442 -0.00252569    0.24762479  0.00000000    0.00266442 -0.00252569
  0.00157941  0.00000000    0.00266442  0.00252569    0.19717786  0.00000000

     Dynamical  Matrix in cartesian axes

     q = (   -0.625000000   0.125000000  -0.125000000 ) 

    1    1
  0.25164761  0.00000000   -0.00222221  0.00251609    0.00222221 -0.00251609
 -0.00222221 -0.00251609    0.20167965  0.00000000   -0.00105680  0.00000000
  0.00222221  0.00251609   -0.00105680  0.00000000    0.20167965  0.00000000
    1    2
 -0.08496946  0.10236668   -0.01808863  0.00931953    0.01808863 -0.00931953
 -0.01825839  0.00929730   -0.06991894  0.09434893   -0.07755544 -0.04686876
  0.01825839 -0.00929730   -0.07755544 -0.04686876   -0.06991894  0.09434893
    2    1
 -0.08496946 -0.10236668   -0.01825839 -0.00929730    0.01825839  0.00929730
 -0.01808863 -0.00931953   -0.06991894 -0.09434893   -0.07755544  0.04686876
  0.01808863  0.00931953   -0.07755544  0.04686876   -0.06991894 -0.09434893
    2    2
  0.24762479  0.00000000   -0.00266442 -0.00252569    0.00266442  0.00252569
 -0.00266442  0.00252569    0.19717786  0.00000000   -0.00157941  0.00000000
  0.00266442 -0.00252569   -0.00157941  0.00000000    0.19717786  0.00000000

     Dynamical  Matrix in cartesian axes

     q = (    0.625000000  -0.125000000   0.125000000 ) 

    1    1
  0.25164761  0.00000000   -0.00222221 -0.00251609    0.00222221  0.00251609
 -0.00222221  0.00251609    0.20167965  0.00000000   -0.00105680  0.00000000
  0.00222221 -0.00251609   -0.00105680  0.00000000    0.20167965  0.00000000
    1    2
 -0.08496946 -0.10236668   -0.01808863 -0.00931953    0.01808863  0.00931953
 -0.01825839 -0.00929730   -0.06991894 -0.09434893   -0.07755544  0.04686876
  0.01825839  0.00929730   -0.07755544  0.04686876   -0.06991894 -0.09434893
    2    1
 -0.08496946  0.10236668   -0.01825839  0.00929730    0.01825839 -0.00929730
 -0.01808863  0.00931953   -0.06991894  0.09434893   -0.07755544 -0.04686876
  0.01808863 -0.00931953   -0.07755544 -0.04686876   -0.06991894  0.09434893
    2    2
  0.24762479  0.00000000   -0.00266442  0.00252569    0.00266442 -0.00252569
 -0.00266442 -0.00252569    0.19717786  0.00000000   -0.00157941  0.00000000
  0.00266442  0.00252569   -0.00157941  0.00000000    0.19717786  0.00000000

     Dynamical  Matrix in cartesian axes

     q = (    0.125000000  -0.625000000  -0.125000000 ) 

    1    1
  0.20167965  0.00000000   -0.00222221 -0.00251609   -0.00105680  0.00000000
 -0.00222221  0.00251609    0.25164761  0.00000000    0.00222221 -0.00251609
 -0.00105680  0.00000000    0.00222221  0.00251609    0.20167965  0.00000000
    1    2
 -0.01727461 -0.11615492    0.00633644 -0.01948482    0.08798120 -0.02169876
  0.00620069 -0.01938049   -0.01230170 -0.13246665   -0.00620069  0.01938049
  0.08798120 -0.02169876   -0.00633644  0.01948482   -0.01727461 -0.11615492
    2    1
 -0.01727461  0.11615492    0.00620069  0.01938049    0.08798120  0.02169876
  0.00633644  0.01948482   -0.01230170  0.13246665   -0.00633644 -0.01948482
  0.08798120  0.02169876   -0.00620069 -0.01938049   -0.01727461  0.11615492
    2    2
  0.19717786  0.00000000   -0.00266442  0.00252569   -0.00157941  0.00000000
 -0.00266442 -0.00252569    0.24762479  0.00000000    0.00266442  0.00252569
 -0.00157941  0.00000000    0.00266442 -0.00252569    0.19717786  0.00000000

     Dynamical  Matrix in cartesian axes

     q = (   -0.125000000   0.625000000   0.125000000 ) 

    1    1
  0.20167965  0.00000000   -0.00222221  0.00251609   -0.00105680  0.00000000
 -0.00222221 -0.00251609    0.25164761  0.00000000    0.00222221  0.00251609
 -0.00105680  0.00000000    0.00222221 -0.00251609    0.20167965  0.00000000
    1    2
 -0.01727461  0.11615492    0.00633644  0.01948482    0.08798120  0.02169876
  0.00620069  0.01938049   -0.01230170  0.13246665   -0.00620069 -0.01938049
  0.08798120  0.02169876   -0.00633644 -0.01948482   -0.01727461  0.11615492
    2    1
 -0.01727461 -0.11615492    0.00620069 -0.01938049    0.08798120 -0.02169876
  0.00633644 -0.01948482   -0.01230170 -0.13246665   -0.00633644  0.01948482
  0.08798120 -0.02169876   -0.00620069  0.01938049   -0.01727461 -0.11615492
    2    2
  0.19717786  0.00000000   -0.00266442 -0.00252569   -0.00157941  0.00000000
 -0.00266442  0.00252569    0.24762479  0.00000000    0.00266442 -0.00252569
 -0.00157941  0.00000000    0.00266442  0.00252569    0.19717786  0.00000000

     Dynamical  Matrix in cartesian axes

     q = (   -0.125000000  -0.625000000   0.125000000 ) 

    1    1
  0.20167965  0.00000000    0.00222221  0.00251609   -0.00105680  0.00000000
  0.00222221 -0.00251609    0.25164761  0.00000000   -0.00222221  0.00251609
 -0.00105680  0.00000000   -0.00222221 -0.00251609    0.20167965  0.00000000
    1    2
 -0.09434893 -0.06991894    0.00929730  0.01825839    0.04686876 -0.07755544
  0.00931953  0.01808863   -0.10236668 -0.08496946   -0.00931953 -0.01808863
  0.04686876 -0.07755544   -0.00929730 -0.01825839   -0.09434893 -0.06991894
    2    1
 -0.09434893  0.06991894    0.00931953 -0.01808863    0.04686876  0.07755544
  0.00929730 -0.01825839   -0.10236668  0.08496946   -0.00929730  0.01825839
  0.04686876  0.07755544   -0.00931953  0.01808863   -0.09434893  0.06991894
    2    2
  0.19717786  0.00000000    0.00266442 -0.00252569   -0.00157941  0.00000000
  0.00266442  0.00252569    0.24762479  0.00000000   -0.00266442 -0.00252569
 -0.00157941  0.00000000   -0.00266442  0.00252569    0.19717786  0.00000000

     Dynamical  Matrix in cartesian axes

     q = (    0.125000000   0.625000000  -0.125000000 ) 

    1    1
  0.20167965  0.00000000    0.00222221 -0.00251609   -0.00105680  0.00000000
  0.00222221  0.00251609    0.25164761  0.00000000   -0.00222221 -0.00251609
 -0.00105680  0.00000000   -0.00222221  0.00251609    0.20167965  0.00000000
    1    2
 -0.09434893  0.06991894    0.00929730 -0.01825839    0.04686876  0.07755544
  0.00931953 -0.01808863   -0.10236668  0.08496946   -0.00931953  0.01808863
  0.04686876  0.07755544   -0.00929730  0.01825839   -0.09434893  0.06991894
    2    1
 -0.09434893 -0.06991894    0.00931953  0.01808863    0.04686876 -0.07755544
  0.00929730  0.01825839   -0.10236668 -0.08496946   -0.00929730 -0.01825839
  0.04686876 -0.07755544   -0.00931953 -0.01808863   -0.09434893 -0.06991894
    2    2
  0.19717786  0.00000000    0.00266442  0.00252569   -0.00157941  0.00000000
  0.00266442 -0.00252569    0.24762479  0.00000000   -0.00266442  0.00252569
 -0.00157941  0.00000000   -0.00266442 -0.00252569    0.19717786  0.00000000

     Dynamical  Matrix in cartesian axes

     q = (   -0.125000000  -0.125000000   0.625000000 ) 

    1    1
  0.20167965  0.00000000    0.00105680  0.00000000   -0.00222221 -0.00251609
  0.00105680  0.00000000    0.20167965  0.00000000   -0.00222221 -0.00251609
 -0.00222221  0.00251609   -0.00222221  0.00251609    0.25164761  0.00000000
    1    2
 -0.06991894  0.09434893    0.07755544  0.04686876   -0.01825839  0.00929730
  0.07755544  0.04686876   -0.06991894  0.09434893   -0.01825839  0.00929730
 -0.01808863  0.00931953   -0.01808863  0.00931953   -0.08496946  0.10236668
    2    1
 -0.06991894 -0.09434893    0.07755544 -0.04686876   -0.01808863 -0.00931953
  0.07755544 -0.04686876   -0.06991894 -0.09434893   -0.01808863 -0.00931953
 -0.01825839 -0.00929730   -0.01825839 -0.00929730   -0.08496946 -0.10236668
    2    2
  0.19717786  0.00000000    0.00157941  0.00000000   -0.00266442  0.00252569
  0.00157941  0.00000000    0.19717786  0.00000000   -0.00266442  0.00252569
 -0.00266442 -0.00252569   -0.00266442 -0.00252569    0.24762479  0.00000000

     Dynamical  Matrix in cartesian axes

     q = (    0.125000000   0.125000000  -0.625000000 ) 

    1    1
  0.20167965  0.00000000    0.00105680  0.00000000   -0.00222221  0.00251609
  0.00105680  0.00000000    0.20167965  0.00000000   -0.00222221  0.00251609
 -0.00222221 -0.00251609   -0.00222221 -0.00251609    0.25164761  0.00000000
    1    2
 -0.06991894 -0.09434893    0.07755544 -0.04686876   -0.01825839 -0.00929730
  0.07755544 -0.04686876   -0.06991894 -0.09434893   -0.01825839 -0.00929730
 -0.01808863 -0.00931953   -0.01808863 -0.00931953   -0.08496946 -0.10236668
    2    1
 -0.06991894  0.09434893    0.07755544  0.04686876   -0.01808863  0.00931953
  0.07755544  0.04686876   -0.06991894  0.09434893   -0.01808863  0.00931953
 -0.01825839  0.00929730   -0.01825839  0.00929730   -0.08496946  0.10236668
    2    2
  0.19717786  0.00000000    0.00157941  0.00000000   -0.00266442 -0.00252569
  0.00157941  0.00000000    0.19717786  0.00000000   -0.00266442 -0.00252569
 -0.00266442  0.00252569   -0.00266442  0.00252569    0.24762479  0.00000000

     Dynamical  Matrix in cartesian axes

     q = (    0.125000000   0.125000000   0.625000000 ) 

    1    1
  0.20167965  0.00000000    0.00105680  0.00000000    0.00222221  0.00251609
  0.00105680  0.00000000    0.20167965  0.00000000    0.00222221  0.00251609
  0.00222221 -0.00251609    0.00222221 -0.00251609    0.25164761  0.00000000
    1    2
 -0.06991894  0.09434893    0.07755544  0.04686876    0.01825839 -0.00929730
  0.07755544  0.04686876   -0.06991894  0.09434893    0.01825839 -0.00929730
  0.01808863 -0.00931953    0.01808863 -0.00931953   -0.08496946  0.10236668
    2    1
 -0.06991894 -0.09434893    0.07755544 -0.04686876    0.01808863  0.00931953
  0.07755544 -0.04686876   -0.06991894 -0.09434893    0.01808863  0.00931953
  0.01825839  0.00929730    0.01825839  0.00929730   -0.08496946 -0.10236668
    2    2
  0.19717786  0.00000000    0.00157941  0.00000000    0.00266442 -0.00252569
  0.00157941  0.00000000    0.19717786  0.00000000    0.00266442 -0.00252569
  0.00266442  0.00252569    0.00266442  0.00252569    0.24762479  0.00000000

     Dynamical  Matrix in cartesian axes

     q = (   -0.125000000  -0.125000000  -0.625000000 ) 

    1    1
  0.20167965  0.00000000    0.00105680  0.00000000    0.00222221 -0.00251609
  0.00105680  0.00000000    0.20167965  0.00000000    0.00222221 -0.00251609
  0.00222221  0.00251609    0.00222221  0.00251609    0.25164761  0.00000000
    1    2
 -0.06991894 -0.09434893    0.07755544 -0.04686876    0.01825839  0.00929730
  0.07755544 -0.04686876   -0.06991894 -0.09434893    0.01825839  0.00929730
  0.01808863  0.00931953    0.01808863  0.00931953   -0.08496946 -0.10236668
    2    1
 -0.06991894  0.09434893    0.07755544  0.04686876    0.01808863 -0.00931953
  0.07755544  0.04686876   -0.06991894  0.09434893    0.01808863 -0.00931953
  0.01825839 -0.00929730    0.01825839 -0.00929730   -0.08496946  0.10236668
    2    2
  0.19717786  0.00000000    0.00157941  0.00000000    0.00266442  0.00252569
  0.00157941  0.00000000    0.19717786  0.00000000    0.00266442  0.00252569
  0.00266442 -0.00252569    0.00266442 -0.00252569    0.24762479  0.00000000

     Dynamical  Matrix in cartesian axes

     q = (    0.125000000  -0.125000000  -0.625000000 ) 

    1    1
  0.20167965  0.00000000   -0.00105680  0.00000000   -0.00222221 -0.00251609
 -0.00105680  0.00000000    0.20167965  0.00000000    0.00222221  0.00251609
 -0.00222221  0.00251609    0.00222221 -0.00251609    0.25164761  0.00000000
    1    2
 -0.01727461 -0.11615492    0.08798120 -0.02169876    0.00633644 -0.01948482
  0.08798120 -0.02169876   -0.01727461 -0.11615492   -0.00633644  0.01948482
  0.00620069 -0.01938049   -0.00620069  0.01938049   -0.01230170 -0.13246665
    2    1
 -0.01727461  0.11615492    0.08798120  0.02169876    0.00620069  0.01938049
  0.08798120  0.02169876   -0.01727461  0.11615492   -0.00620069 -0.01938049
  0.00633644  0.01948482   -0.00633644 -0.01948482   -0.01230170  0.13246665
    2    2
  0.19717786  0.00000000   -0.00157941  0.00000000   -0.00266442  0.00252569
 -0.00157941  0.00000000    0.19717786  0.00000000    0.00266442 -0.00252569
 -0.00266442 -0.00252569    0.00266442  0.00252569    0.24762479  0.00000000

     Dynamical  Matrix in cartesian axes

     q = (   -0.125000000   0.125000000   0.625000000 ) 

    1    1
  0.20167965  0.00000000   -0.00105680  0.00000000   -0.00222221  0.00251609
 -0.00105680  0.00000000    0.20167965  0.00000000    0.00222221 -0.00251609
 -0.00222221 -0.00251609    0.00222221  0.00251609    0.25164761  0.00000000
    1    2
 -0.01727461  0.11615492    0.08798120  0.02169876    0.00633644  0.01948482
  0.08798120  0.02169876   -0.01727461  0.11615492   -0.00633644 -0.01948482
  0.00620069  0.01938049   -0.00620069 -0.01938049   -0.01230170  0.13246665
    2    1
 -0.01727461 -0.11615492    0.08798120 -0.02169876    0.00620069 -0.01938049
  0.08798120 -0.02169876   -0.01727461 -0.11615492   -0.00620069  0.01938049
  0.00633644 -0.01948482   -0.00633644  0.01948482   -0.01230170 -0.13246665
    2    2
  0.19717786  0.00000000   -0.00157941  0.00000000   -0.00266442 -0.00252569
 -0.00157941  0.00000000    0.19717786  0.00000000    0.00266442  0.00252569
 -0.00266442  0.00252569    0.00266442 -0.00252569    0.24762479  0.00000000

     Dynamical  Matrix in cartesian axes

     q = (    0.625000000  -0.125000000  -0.125000000 ) 

    1    1
  0.25164761  0.00000000   -0.00222221  0.00251609   -0.00222221  0.00251609
 -0.00222221 -0.00251609    0.20167965  0.00000000    0.00105680  0.00000000
 -0.00222221 -0.00251609    0.00105680  0.00000000    0.20167965  0.00000000
    1    2
 -0.01230170 -0.13246665    0.00620069 -0.01938049    0.00620069 -0.01938049
  0.00633644 -0.01948482   -0.01727461 -0.11615492   -0.08798120  0.02169876
  0.00633644 -0.01948482   -0.08798120  0.02169876   -0.01727461 -0.11615492
    2    1
 -0.01230170  0.13246665    0.00633644  0.01948482    0.00633644  0.01948482
  0.00620069  0.01938049   -0.01727461  0.11615492   -0.08798120 -0.02169876
  0.00620069  0.01938049   -0.08798120 -0.02169876   -0.01727461  0.11615492
    2    2
  0.24762479  0.00000000   -0.00266442 -0.00252569   -0.00266442 -0.00252569
 -0.00266442  0.00252569    0.19717786  0.00000000    0.00157941  0.00000000
 -0.00266442  0.00252569    0.00157941  0.00000000    0.19717786  0.00000000

     Dynamical  Matrix in cartesian axes

     q = (   -0.625000000   0.125000000   0.125000000 ) 

    1    1
  0.25164761  0.00000000   -0.00222221 -0.00251609   -0.00222221 -0.00251609
 -0.00222221  0.00251609    0.20167965  0.00000000    0.00105680  0.00000000
 -0.00222221  0.00251609    0.00105680  0.00000000    0.20167965  0.00000000
    1    2
 -0.01230170  0.13246665    0.00620069  0.01938049    0.00620069  0.01938049
  0.00633644  0.01948482   -0.01727461  0.11615492   -0.08798120 -0.02169876
  0.00633644  0.01948482   -0.08798120 -0.02169876   -0.01727461  0.11615492
    2    1
 -0.01230170 -0.13246665    0.00633644 -0.01948482    0.00633644 -0.01948482
  0.00620069 -0.01938049   -0.01727461 -0.11615492   -0.08798120  0.02169876
  0.00620069 -0.01938049   -0.08798120  0.02169876   -0.01727461 -0.11615492
    2    2
  0.24762479  0.00000000   -0.00266442  0.00252569   -0.00266442  0.00252569
 -0.00266442 -0.00252569    0.19717786  0.00000000    0.00157941  0.00000000
 -0.00266442 -0.00252569    0.00157941  0.00000000    0.19717786  0.00000000

     Dynamical  Matrix in cartesian axes

     q = (   -0.625000000  -0.125000000   0.125000000 ) 

    1    1
  0.25164761  0.00000000    0.00222221 -0.00251609   -0.00222221  0.00251609
  0.00222221  0.00251609    0.20167965  0.00000000   -0.00105680  0.00000000
 -0.00222221 -0.00251609   -0.00105680  0.00000000    0.20167965  0.00000000
    1    2
 -0.08496946  0.10236668    0.01808863 -0.00931953   -0.01808863  0.00931953
  0.01825839 -0.00929730   -0.06991894  0.09434893   -0.07755544 -0.04686876
 -0.01825839  0.00929730   -0.07755544 -0.04686876   -0.06991894  0.09434893
    2    1
 -0.08496946 -0.10236668    0.01825839  0.00929730   -0.01825839 -0.00929730
  0.01808863  0.00931953   -0.06991894 -0.09434893   -0.07755544  0.04686876
 -0.01808863 -0.00931953   -0.07755544  0.04686876   -0.06991894 -0.09434893
    2    2
  0.24762479  0.00000000    0.00266442  0.00252569   -0.00266442 -0.00252569
  0.00266442 -0.00252569    0.19717786  0.00000000   -0.00157941  0.00000000
 -0.00266442  0.00252569   -0.00157941  0.00000000    0.19717786  0.00000000

     Dynamical  Matrix in cartesian axes

     q = (    0.625000000   0.125000000  -0.125000000 ) 

    1    1
  0.25164761  0.00000000    0.00222221  0.00251609   -0.00222221 -0.00251609
  0.00222221 -0.00251609    0.20167965  0.00000000   -0.00105680  0.00000000
 -0.00222221  0.00251609   -0.00105680  0.00000000    0.20167965  0.00000000
    1    2
 -0.08496946 -0.10236668    0.01808863  0.00931953   -0.01808863 -0.00931953
  0.01825839  0.00929730   -0.06991894 -0.09434893   -0.07755544  0.04686876
 -0.01825839 -0.00929730   -0.07755544  0.04686876   -0.06991894 -0.09434893
    2    1
 -0.08496946  0.10236668    0.01825839 -0.00929730   -0.01825839  0.00929730
  0.01808863 -0.00931953   -0.06991894  0.09434893   -0.07755544 -0.04686876
 -0.01808863  0.00931953   -0.07755544 -0.04686876   -0.06991894  0.09434893
    2    2
  0.24762479  0.00000000    0.00266442 -0.00252569   -0.00266442  0.00252569
  0.00266442  0.00252569    0.19717786  0.00000000   -0.00157941  0.00000000
 -0.00266442 -0.00252569   -0.00157941  0.00000000    0.19717786  0.00000000

     Dynamical  Matrix in cartesian axes

     q = (    0.625000000   0.125000000   0.125000000 ) 

    1    1
  0.25164761  0.00000000    0.00222221 -0.00251609    0.00222221 -0.00251609
  0.00222221  0.00251609    0.20167965  0.00000000    0.00105680  0.00000000
  0.00222221  0.00251609    0.00105680  0.00000000    0.20167965  0.00000000
    1    2
 -0.10236668 -0.08496946    0.00931953  0.01808863    0.00931953  0.01808863
  0.00929730  0.01825839   -0.09434893 -0.06991894   -0.04686876  0.07755544
  0.00929730  0.01825839   -0.04686876  0.07755544   -0.09434893 -0.06991894
    2    1
 -0.10236668  0.08496946    0.00929730 -0.01825839    0.00929730 -0.01825839
  0.00931953 -0.01808863   -0.09434893  0.06991894   -0.04686876 -0.07755544
  0.00931953 -0.01808863   -0.04686876 -0.07755544   -0.09434893  0.06991894
    2    2
  0.24762479  0.00000000    0.00266442  0.00252569    0.00266442  0.00252569
  0.00266442 -0.00252569    0.19717786  0.00000000    0.00157941  0.00000000
  0.00266442 -0.00252569    0.00157941  0.00000000    0.19717786  0.00000000

     Dynamical  Matrix in cartesian axes

     q = (   -0.625000000  -0.125000000  -0.125000000 ) 

    1    1
  0.25164761  0.00000000    0.00222221  0.00251609    0.00222221  0.00251609
  0.00222221 -0.00251609    0.20167965  0.00000000    0.00105680  0.00000000
  0.00222221 -0.00251609    0.00105680  0.00000000    0.20167965  0.00000000
    1    2
 -0.10236668  0.08496946    0.00931953 -0.01808863    0.00931953 -0.01808863
  0.00929730 -0.01825839   -0.09434893  0.06991894   -0.04686876 -0.07755544
  0.00929730 -0.01825839   -0.04686876 -0.07755544   -0.09434893  0.06991894
    2    1
 -0.10236668 -0.08496946    0.00929730  0.01825839    0.00929730  0.01825839
  0.00931953  0.01808863   -0.09434893 -0.06991894   -0.04686876  0.07755544
  0.00931953  0.01808863   -0.04686876  0.07755544   -0.09434893 -0.06991894
    2    2
  0.24762479  0.00000000    0.00266442 -0.00252569    0.00266442 -0.00252569
  0.00266442  0.00252569    0.19717786  0.00000000    0.00157941  0.00000000
  0.00266442  0.00252569    0.00157941  0.00000000    0.19717786  0.00000000

     Dynamical  Matrix in cartesian axes

     q = (   -0.125000000   0.125000000  -0.625000000 ) 

    1    1
  0.20167965  0.00000000   -0.00105680  0.00000000    0.00222221  0.00251609
 -0.00105680  0.00000000    0.20167965  0.00000000   -0.00222221 -0.00251609
  0.00222221 -0.00251609   -0.00222221  0.00251609    0.25164761  0.00000000
    1    2
 -0.09434893 -0.06991894    0.04686876 -0.07755544    0.00929730  0.01825839
  0.04686876 -0.07755544   -0.09434893 -0.06991894   -0.00929730 -0.01825839
  0.00931953  0.01808863   -0.00931953 -0.01808863   -0.10236668 -0.08496946
    2    1
 -0.09434893  0.06991894    0.04686876  0.07755544    0.00931953 -0.01808863
  0.04686876  0.07755544   -0.09434893  0.06991894   -0.00931953  0.01808863
  0.00929730 -0.01825839   -0.00929730  0.01825839   -0.10236668  0.08496946
    2    2
  0.19717786  0.00000000   -0.00157941  0.00000000    0.00266442 -0.00252569
 -0.00157941  0.00000000    0.19717786  0.00000000   -0.00266442  0.00252569
  0.00266442  0.00252569   -0.00266442 -0.00252569    0.24762479  0.00000000

     Dynamical  Matrix in cartesian axes

     q = (    0.125000000  -0.125000000   0.625000000 ) 

    1    1
  0.20167965  0.00000000   -0.00105680  0.00000000    0.00222221 -0.00251609
 -0.00105680  0.00000000    0.20167965  0.00000000   -0.00222221  0.00251609
  0.00222221  0.00251609   -0.00222221 -0.00251609    0.25164761  0.00000000
    1    2
 -0.09434893  0.06991894    0.04686876  0.07755544    0.00929730 -0.01825839
  0.04686876  0.07755544   -0.09434893  0.06991894   -0.00929730  0.01825839
  0.00931953 -0.01808863   -0.00931953  0.01808863   -0.10236668  0.08496946
    2    1
 -0.09434893 -0.06991894    0.04686876 -0.07755544    0.00931953  0.01808863
  0.04686876 -0.07755544   -0.09434893 -0.06991894   -0.00931953 -0.01808863
  0.00929730  0.01825839   -0.00929730 -0.01825839   -0.10236668 -0.08496946
    2    2
  0.19717786  0.00000000   -0.00157941  0.00000000    0.00266442  0.00252569
 -0.00157941  0.00000000    0.19717786  0.00000000   -0.00266442 -0.00252569
  0.00266442 -0.00252569   -0.00266442  0.00252569    0.24762479  0.00000000

     Diagonalizing the dynamical matrix

     q = (   -0.125000000   0.625000000  -0.125000000 ) 

 **************************************************************************
     freq (    1) =       2.656245 [THz] =      88.602808 [cm-1]
 (  0.472067 -0.151985 -0.000000  0.000000 -0.472067  0.151985 ) 
 (  0.504037  0.000000 -0.000000  0.000000 -0.504037  0.000000 ) 
     freq (    2) =       2.878571 [THz] =      96.018786 [cm-1]
 ( -0.000017  0.467972 -0.108241  0.207966 -0.000017  0.467972 ) 
 ( -0.474599 -0.000000 -0.211832  0.108063 -0.474599  0.000000 ) 
     freq (    3) =       4.459691 [THz] =     148.759284 [cm-1]
 (  0.109472  0.134138 -0.012634 -0.657653  0.109472  0.134138 ) 
 ( -0.174982 -0.000000  0.530479 -0.405874 -0.174982  0.000000 ) 
     freq (    4) =       7.428411 [THz] =     247.785133 [cm-1]
 ( -0.054699 -0.461160 -0.000770  0.275328 -0.054699 -0.461160 ) 
 ( -0.458126  0.000000  0.268127 -0.034963 -0.458126  0.000000 ) 
     freq (    5) =       7.597076 [THz] =     253.411174 [cm-1]
 (  0.479784 -0.154469  0.000000 -0.000000 -0.479784  0.154469 ) 
 ( -0.495930  0.000000 -0.000000  0.000000  0.495930  0.000000 ) 
     freq (    6) =       7.993371 [THz] =     266.630167 [cm-1]
 ( -0.031936  0.185324 -0.291398  0.593000 -0.031936  0.185324 ) 
 (  0.185089 -0.000000  0.622000 -0.193157  0.185089  0.000000 ) 
 **************************************************************************
