Dynamical matrix file
YOU NEED TO PUT HERE SOME TITLE :)                                         
  1    2  2 11.0000000  0.0000000  0.0000000  0.0000000  0.0000000  0.0000000
           1  'Ge  '    66207.3097484883     
    1    1      0.0000000000      0.0000000000      0.0000000000
    2    1     -0.2500000000      0.2500000000      0.2500000000

     Dynamical  Matrix in cartesian axes

     q = (   -0.250000000  -1.000000000   0.000000000 ) 

    1    1
  0.18900107  0.00000000   -0.00000000  0.00000000    0.00000000  0.00000000
 -0.00000000  0.00000000    0.24350407  0.00000000   -0.00000000  0.00870263
  0.00000000  0.00000000   -0.00000000 -0.00870263    0.19303796  0.00000000
    1    2
 -0.00000000 -0.00000000    0.01738344  0.04196735    0.09749130 -0.04038222
  0.01744046  0.04210499    0.00000000 -0.00000000    0.00000000  0.00000000
  0.09751928 -0.04039381   -0.00000000  0.00000000    0.00000000 -0.00000000
    2    1
 -0.00000000  0.00000000    0.01744046 -0.04210499    0.09751928  0.04039381
  0.01738344 -0.04196735    0.00000000  0.00000000   -0.00000000  0.00000000
  0.09749130  0.04038222    0.00000000  0.00000000    0.00000000  0.00000000
    2    2
  0.18447185  0.00000000    0.00000000  0.00000000    0.00000000  0.00000000
  0.00000000  0.00000000    0.23958343  0.00000000    0.00000000 -0.00864643
 -0.00000000  0.00000000   -0.00000000  0.00864643    0.18875759  0.00000000

     Dynamical  Matrix in cartesian axes

     q = (    0.250000000  -1.000000000   0.000000000 ) 

    1    1
  0.18900107  0.00000000   -0.00000000  0.00000000    0.00000000  0.00000000
  0.00000000  0.00000000    0.24350407  0.00000000    0.00000000 -0.00870263
  0.00000000  0.00000000    0.00000000  0.00870263    0.19303796  0.00000000
    1    2
 -0.00000000 -0.00000000    0.01738344 -0.04196735    0.09749130  0.04038222
  0.01744046 -0.04210499   -0.00000000 -0.00000000   -0.00000000  0.00000000
  0.09751928  0.04039381   -0.00000000  0.00000000    0.00000000 -0.00000000
    2    1
  0.00000000  0.00000000    0.01744046  0.04210499    0.09751928 -0.04039381
  0.01738344  0.04196735    0.00000000  0.00000000   -0.00000000 -0.00000000
  0.09749130 -0.04038222    0.00000000 -0.00000000   -0.00000000  0.00000000
    2    2
  0.18447185  0.00000000    0.00000000  0.00000000    0.00000000  0.00000000
  0.00000000  0.00000000    0.23958343  0.00000000    0.00000000  0.00864643
 -0.00000000  0.00000000   -0.00000000 -0.00864643    0.18875759  0.00000000

     Dynamical  Matrix in cartesian axes

     q = (    0.000000000  -1.000000000   0.250000000 ) 

    1    1
  0.19303796  0.00000000    0.00000000  0.00870263    0.00000000  0.00000000
  0.00000000 -0.00870263    0.24350407  0.00000000    0.00000000  0.00000000
  0.00000000  0.00000000    0.00000000  0.00000000    0.18900107  0.00000000
    1    2
  0.00000000 -0.00000000    0.00000000 -0.00000000    0.09751928 -0.04039381
  0.00000000 -0.00000000    0.00000000 -0.00000000   -0.01744046 -0.04210499
  0.09749130 -0.04038222   -0.01738344 -0.04196735   -0.00000000 -0.00000000
    2    1
  0.00000000  0.00000000    0.00000000  0.00000000    0.09749130  0.04038222
  0.00000000 -0.00000000    0.00000000 -0.00000000   -0.01738344  0.04196735
  0.09751928  0.04039381   -0.01744046  0.04210499   -0.00000000 -0.00000000
    2    2
  0.18875759  0.00000000    0.00000000 -0.00864643   -0.00000000  0.00000000
 -0.00000000  0.00864643    0.23958343  0.00000000   -0.00000000  0.00000000
  0.00000000  0.00000000    0.00000000  0.00000000    0.18447185  0.00000000

     Dynamical  Matrix in cartesian axes

     q = (    0.000000000   1.000000000  -0.250000000 ) 

    1    1
  0.19303796  0.00000000    0.00000000 -0.00870263    0.00000000  0.00000000
 -0.00000000  0.00870263    0.24350407  0.00000000    0.00000000  0.00000000
  0.00000000  0.00000000    0.00000000  0.00000000    0.18900107  0.00000000
    1    2
  0.00000000 -0.00000000    0.00000000 -0.00000000    0.09751928  0.04039381
  0.00000000  0.00000000    0.00000000  0.00000000   -0.01744046  0.04210499
  0.09749130  0.04038222   -0.01738344  0.04196735    0.00000000 -0.00000000
    2    1
  0.00000000  0.00000000    0.00000000 -0.00000000    0.09749130 -0.04038222
  0.00000000  0.00000000    0.00000000  0.00000000   -0.01738344 -0.04196735
  0.09751928 -0.04039381   -0.01744046 -0.04210499    0.00000000  0.00000000
    2    2
  0.18875759  0.00000000    0.00000000  0.00864643   -0.00000000  0.00000000
 -0.00000000 -0.00864643    0.23958343  0.00000000   -0.00000000  0.00000000
  0.00000000  0.00000000    0.00000000  0.00000000    0.18447185  0.00000000

     Dynamical  Matrix in cartesian axes

     q = (    0.000000000  -0.250000000  -1.000000000 ) 

    1    1
  0.19303796  0.00000000    0.00000000  0.00000000    0.00000000 -0.00870263
  0.00000000  0.00000000    0.18900107  0.00000000    0.00000000  0.00000000
 -0.00000000  0.00870263    0.00000000  0.00000000    0.24350407  0.00000000
    1    2
  0.00000000 -0.00000000    0.09751928  0.04039381    0.00000000 -0.00000000
  0.09749130  0.04038222   -0.00000000 -0.00000000   -0.01738344  0.04196735
  0.00000000 -0.00000000   -0.01744046  0.04210499    0.00000000 -0.00000000
    2    1
  0.00000000  0.00000000    0.09749130 -0.04038222    0.00000000  0.00000000
  0.09751928 -0.04039381    0.00000000  0.00000000   -0.01744046 -0.04210499
  0.00000000  0.00000000   -0.01738344 -0.04196735    0.00000000  0.00000000
    2    2
  0.18875759  0.00000000    0.00000000  0.00000000   -0.00000000  0.00864643
 -0.00000000  0.00000000    0.18447185  0.00000000   -0.00000000  0.00000000
  0.00000000 -0.00864643    0.00000000  0.00000000    0.23958343  0.00000000

     Dynamical  Matrix in cartesian axes

     q = (    0.250000000   0.000000000  -1.000000000 ) 

    1    1
  0.18900107  0.00000000    0.00000000  0.00000000    0.00000000  0.00000000
  0.00000000  0.00000000    0.19303796  0.00000000    0.00000000  0.00870263
 -0.00000000  0.00000000    0.00000000 -0.00870263    0.24350407  0.00000000
    1    2
  0.00000000 -0.00000000    0.09749130  0.04038222    0.01738344 -0.04196735
  0.09751928  0.04039381    0.00000000 -0.00000000    0.00000000  0.00000000
  0.01744046 -0.04210499    0.00000000  0.00000000    0.00000000 -0.00000000
    2    1
  0.00000000  0.00000000    0.09751928 -0.04039381    0.01744046  0.04210499
  0.09749130 -0.04038222    0.00000000  0.00000000   -0.00000000 -0.00000000
  0.01738344  0.04196735   -0.00000000 -0.00000000    0.00000000  0.00000000
    2    2
  0.18447185  0.00000000   -0.00000000  0.00000000   -0.00000000  0.00000000
  0.00000000  0.00000000    0.18875759  0.00000000    0.00000000 -0.00864643
 -0.00000000  0.00000000   -0.00000000  0.00864643    0.23958343  0.00000000

     Dynamical  Matrix in cartesian axes

     q = (    0.000000000   0.250000000  -1.000000000 ) 

    1    1
  0.19303796  0.00000000    0.00000000  0.00000000    0.00000000  0.00870263
  0.00000000  0.00000000    0.18900107  0.00000000    0.00000000  0.00000000
  0.00000000 -0.00870263    0.00000000  0.00000000    0.24350407  0.00000000
    1    2
  0.00000000 -0.00000000    0.09751928 -0.04039381    0.00000000 -0.00000000
  0.09749130 -0.04038222   -0.00000000  0.00000000   -0.01738344 -0.04196735
  0.00000000 -0.00000000   -0.01744046 -0.04210499    0.00000000 -0.00000000
    2    1
  0.00000000  0.00000000    0.09749130  0.04038222    0.00000000  0.00000000
  0.09751928  0.04039381   -0.00000000 -0.00000000   -0.01744046  0.04210499
  0.00000000  0.00000000   -0.01738344  0.04196735    0.00000000  0.00000000
    2    2
  0.18875759  0.00000000    0.00000000  0.00000000   -0.00000000 -0.00864643
 -0.00000000  0.00000000    0.18447185  0.00000000   -0.00000000  0.00000000
  0.00000000  0.00864643    0.00000000  0.00000000    0.23958343  0.00000000

     Dynamical  Matrix in cartesian axes

     q = (   -1.000000000  -0.250000000   0.000000000 ) 

    1    1
  0.24350407  0.00000000    0.00000000  0.00000000   -0.00000000  0.00870263
  0.00000000  0.00000000    0.18900107  0.00000000    0.00000000  0.00000000
  0.00000000 -0.00870263    0.00000000  0.00000000    0.19303796  0.00000000
    1    2
  0.00000000  0.00000000    0.01744046 -0.04210499    0.00000000  0.00000000
  0.01738344 -0.04196735   -0.00000000  0.00000000   -0.09749130 -0.04038222
 -0.00000000  0.00000000   -0.09751928 -0.04039381   -0.00000000  0.00000000
    2    1
  0.00000000  0.00000000    0.01738344  0.04196735    0.00000000  0.00000000
  0.01744046  0.04210499    0.00000000  0.00000000   -0.09751928  0.04039381
 -0.00000000  0.00000000   -0.09749130  0.04038222   -0.00000000  0.00000000
    2    2
  0.23958343  0.00000000    0.00000000  0.00000000    0.00000000 -0.00864643
  0.00000000  0.00000000    0.18447185  0.00000000    0.00000000  0.00000000
 -0.00000000  0.00864643   -0.00000000  0.00000000    0.18875759  0.00000000

     Dynamical  Matrix in cartesian axes

     q = (   -1.000000000   0.250000000   0.000000000 ) 

    1    1
  0.24350407  0.00000000   -0.00000000  0.00000000    0.00000000 -0.00870263
 -0.00000000  0.00000000    0.18900107  0.00000000   -0.00000000  0.00000000
  0.00000000  0.00870263    0.00000000  0.00000000    0.19303796  0.00000000
    1    2
  0.00000000 -0.00000000    0.01744046  0.04210499    0.00000000 -0.00000000
  0.01738344  0.04196735   -0.00000000  0.00000000   -0.09749130  0.04038222
  0.00000000 -0.00000000   -0.09751928  0.04039381    0.00000000 -0.00000000
    2    1
  0.00000000  0.00000000    0.01738344 -0.04196735    0.00000000  0.00000000
  0.01744046 -0.04210499    0.00000000 -0.00000000   -0.09751928 -0.04039381
  0.00000000  0.00000000   -0.09749130 -0.04038222    0.00000000  0.00000000
    2    2
  0.23958343  0.00000000    0.00000000  0.00000000    0.00000000  0.00864643
  0.00000000  0.00000000    0.18447185  0.00000000    0.00000000  0.00000000
 -0.00000000 -0.00864643   -0.00000000  0.00000000    0.18875759  0.00000000

     Dynamical  Matrix in cartesian axes

     q = (   -1.000000000   0.000000000  -0.250000000 ) 

    1    1
  0.24350407  0.00000000   -0.00000000  0.00870263    0.00000000  0.00000000
  0.00000000 -0.00870263    0.19303796  0.00000000    0.00000000  0.00000000
  0.00000000  0.00000000    0.00000000  0.00000000    0.18900107  0.00000000
    1    2
  0.00000000 -0.00000000   -0.00000000 -0.00000000    0.01744046 -0.04210499
  0.00000000 -0.00000000    0.00000000 -0.00000000   -0.09751928 -0.04039381
  0.01738344 -0.04196735   -0.09749130 -0.04038222    0.00000000 -0.00000000
    2    1
  0.00000000  0.00000000   -0.00000000  0.00000000    0.01738344  0.04196735
 -0.00000000  0.00000000   -0.00000000  0.00000000   -0.09749130  0.04038222
  0.01744046  0.04210499   -0.09751928  0.04039381    0.00000000  0.00000000
    2    2
  0.23958343  0.00000000   -0.00000000 -0.00864643   -0.00000000  0.00000000
  0.00000000  0.00864643    0.18875759  0.00000000    0.00000000  0.00000000
 -0.00000000  0.00000000   -0.00000000  0.00000000    0.18447185  0.00000000

     Dynamical  Matrix in cartesian axes

     q = (   -1.000000000   0.000000000   0.250000000 ) 

    1    1
  0.24350407  0.00000000    0.00000000 -0.00870263    0.00000000  0.00000000
  0.00000000  0.00870263    0.19303796  0.00000000   -0.00000000  0.00000000
 -0.00000000  0.00000000   -0.00000000  0.00000000    0.18900107  0.00000000
    1    2
  0.00000000 -0.00000000    0.00000000 -0.00000000    0.01744046  0.04210499
  0.00000000 -0.00000000    0.00000000 -0.00000000   -0.09751928  0.04039381
  0.01738344  0.04196735   -0.09749130  0.04038222    0.00000000 -0.00000000
    2    1
  0.00000000  0.00000000    0.00000000  0.00000000    0.01738344 -0.04196735
  0.00000000 -0.00000000    0.00000000 -0.00000000   -0.09749130 -0.04038222
  0.01744046 -0.04210499   -0.09751928 -0.04039381    0.00000000 -0.00000000
    2    2
  0.23958343  0.00000000   -0.00000000  0.00864643   -0.00000000  0.00000000
  0.00000000 -0.00864643    0.18875759  0.00000000    0.00000000  0.00000000
 -0.00000000  0.00000000   -0.00000000  0.00000000    0.18447185  0.00000000

     Dynamical  Matrix in cartesian axes

     q = (   -0.250000000   0.000000000  -1.000000000 ) 

    1    1
  0.18900107  0.00000000    0.00000000  0.00000000   -0.00000000  0.00000000
  0.00000000  0.00000000    0.19303796  0.00000000   -0.00000000 -0.00870263
  0.00000000  0.00000000    0.00000000  0.00870263    0.24350407  0.00000000
    1    2
  0.00000000 -0.00000000    0.09749130 -0.04038222    0.01738344  0.04196735
  0.09751928 -0.04039381    0.00000000 -0.00000000    0.00000000  0.00000000
  0.01744046  0.04210499    0.00000000  0.00000000    0.00000000 -0.00000000
    2    1
  0.00000000  0.00000000    0.09751928  0.04039381    0.01744046 -0.04210499
  0.09749130  0.04038222    0.00000000  0.00000000   -0.00000000  0.00000000
  0.01738344 -0.04196735   -0.00000000  0.00000000    0.00000000  0.00000000
    2    2
  0.18447185  0.00000000   -0.00000000  0.00000000   -0.00000000  0.00000000
  0.00000000  0.00000000    0.18875759  0.00000000    0.00000000  0.00864643
 -0.00000000  0.00000000   -0.00000000 -0.00864643    0.23958343  0.00000000

     Diagonalizing the dynamical matrix

     q = (   -0.250000000  -1.000000000   0.000000000 ) 

 **************************************************************************
     freq (    1) =       3.583666 [THz] =     119.538239 [cm-1]
 (  0.000000 -0.000000 -0.061288 -0.155472 -0.615360  0.242580 ) 
 (  0.731028  0.012571 -0.000000  0.000000 -0.000000  0.000000 ) 
     freq (    2) =       3.592878 [THz] =     119.845526 [cm-1]
 (  0.662824 -0.274551  0.000000  0.000000  0.000000 -0.000000 ) 
 ( -0.000000 -0.000000 -0.000000  0.166488 -0.676437  0.000000 ) 
     freq (    3) =       6.047231 [THz] =     201.713913 [cm-1]
 (  0.202047 -0.083690 -0.000000 -0.000000  0.000000 -0.000000 ) 
 (  0.000000 -0.000000 -0.000000  0.868104  0.445610  0.000000 ) 
     freq (    4) =       6.094269 [THz] =     203.282923 [cm-1]
 (  0.000000 -0.000000  0.671913  0.536908 -0.287372  0.359631 ) 
 ( -0.192546  0.106171  0.000000  0.000000  0.000000  0.000000 ) 
     freq (    5) =       7.172206 [THz] =     239.239050 [cm-1]
 (  0.611060 -0.253109 -0.000000 -0.000000 -0.000000  0.000000 ) 
 ( -0.000000 -0.000000  0.000000 -0.467629  0.586399  0.000000 ) 
     freq (    6) =       7.178843 [THz] =     239.460417 [cm-1]
 ( -0.000000  0.000000 -0.011312 -0.481879 -0.591926  0.013895 ) 
 ( -0.602303 -0.233077 -0.000000  0.000000 -0.000000  0.000000 ) 
 **************************************************************************
