Dynamical matrix file
YOU NEED TO PUT HERE SOME TITLE :)                                         
  1    2  2 11.0000000  0.0000000  0.0000000  0.0000000  0.0000000  0.0000000
           1  'Ge  '    66207.3097484883     
    1    1      0.0000000000      0.0000000000      0.0000000000
    2    1     -0.2500000000      0.2500000000      0.2500000000

     Dynamical  Matrix in cartesian axes

     q = (    0.625000000  -0.125000000   0.875000000 ) 

    1    1
  0.18985907  0.00000000   -0.00215690 -0.00309823   -0.00032618 -0.00152189
 -0.00215690  0.00309823    0.23168154  0.00000000   -0.00175456  0.01051828
 -0.00032618  0.00152189   -0.00175456 -0.01051828    0.19700801  0.00000000
    1    2
 -0.03417517  0.03204860    0.00576463  0.05225271    0.10066977 -0.02194620
  0.00583694  0.05263113   -0.04751066  0.03912855   -0.01090485  0.01422741
  0.10085057 -0.02191814   -0.01095569  0.01380193   -0.03237041  0.03763893
    2    1
 -0.03417517 -0.03204860    0.00583694 -0.05263113    0.10085057  0.02191814
  0.00576463 -0.05225271   -0.04751066 -0.03912855   -0.01095569 -0.01380193
  0.10066977  0.02194620   -0.01090485 -0.01422741   -0.03237041 -0.03763893
    2    2
  0.18530439  0.00000000   -0.00199748  0.00298521    0.00054508  0.00163856
 -0.00199748 -0.00298521    0.22676593  0.00000000   -0.00178545 -0.01043996
  0.00054508 -0.00163856   -0.00178545  0.01043996    0.19212688  0.00000000

     Dynamical  Matrix in cartesian axes

     q = (   -0.625000000   0.125000000  -0.875000000 ) 

    1    1
  0.18985907  0.00000000   -0.00215690  0.00309823   -0.00032618  0.00152189
 -0.00215690 -0.00309823    0.23168154  0.00000000   -0.00175456 -0.01051828
 -0.00032618 -0.00152189   -0.00175456  0.01051828    0.19700801  0.00000000
    1    2
 -0.03417517 -0.03204860    0.00576463 -0.05225271    0.10066977  0.02194620
  0.00583694 -0.05263113   -0.04751066 -0.03912855   -0.01090485 -0.01422741
  0.10085057  0.02191814   -0.01095569 -0.01380193   -0.03237041 -0.03763893
    2    1
 -0.03417517  0.03204860    0.00583694  0.05263113    0.10085057 -0.02191814
  0.00576463  0.05225271   -0.04751066  0.03912855   -0.01095569  0.01380193
  0.10066977 -0.02194620   -0.01090485  0.01422741   -0.03237041  0.03763893
    2    2
  0.18530439  0.00000000   -0.00199748 -0.00298521    0.00054508 -0.00163856
 -0.00199748  0.00298521    0.22676593  0.00000000   -0.00178545  0.01043996
  0.00054508  0.00163856   -0.00178545 -0.01043996    0.19212688  0.00000000

     Dynamical  Matrix in cartesian axes

     q = (    0.875000000  -0.125000000   0.625000000 ) 

    1    1
  0.19700801  0.00000000   -0.00175456 -0.01051828   -0.00032618  0.00152189
 -0.00175456  0.01051828    0.23168154  0.00000000   -0.00215690  0.00309823
 -0.00032618 -0.00152189   -0.00215690 -0.00309823    0.18985907  0.00000000
    1    2
 -0.04950408  0.00372541   -0.01750628  0.00201260    0.08681059  0.05581365
 -0.01777119  0.00234940   -0.06126317 -0.00592704   -0.03308849  0.04134317
  0.08670258  0.05566596   -0.03287204  0.04102446   -0.04682728 -0.00150371
    2    1
 -0.04950408 -0.00372541   -0.01777119 -0.00234940    0.08670258 -0.05566596
 -0.01750628 -0.00201260   -0.06126317  0.00592704   -0.03287204 -0.04102446
  0.08681059 -0.05581365   -0.03308849 -0.04134317   -0.04682728  0.00150371
    2    2
  0.19212688  0.00000000   -0.00178545  0.01043996    0.00054508 -0.00163856
 -0.00178545 -0.01043996    0.22676593  0.00000000   -0.00199748 -0.00298521
  0.00054508  0.00163856   -0.00199748  0.00298521    0.18530439  0.00000000

     Dynamical  Matrix in cartesian axes

     q = (   -0.875000000   0.125000000  -0.625000000 ) 

    1    1
  0.19700801  0.00000000   -0.00175456  0.01051828   -0.00032618 -0.00152189
 -0.00175456 -0.01051828    0.23168154  0.00000000   -0.00215690 -0.00309823
 -0.00032618  0.00152189   -0.00215690  0.00309823    0.18985907  0.00000000
    1    2
 -0.04950408 -0.00372541   -0.01750628 -0.00201260    0.08681059 -0.05581365
 -0.01777119 -0.00234940   -0.06126317  0.00592704   -0.03308849 -0.04134317
  0.08670258 -0.05566596   -0.03287204 -0.04102446   -0.04682728  0.00150371
    2    1
 -0.04950408  0.00372541   -0.01777119  0.00234940    0.08670258  0.05566596
 -0.01750628  0.00201260   -0.06126317 -0.00592704   -0.03287204  0.04102446
  0.08681059  0.05581365   -0.03308849  0.04134317   -0.04682728 -0.00150371
    2    2
  0.19212688  0.00000000   -0.00178545 -0.01043996    0.00054508  0.00163856
 -0.00178545  0.01043996    0.22676593  0.00000000   -0.00199748  0.00298521
  0.00054508 -0.00163856   -0.00199748 -0.00298521    0.18530439  0.00000000

     Dynamical  Matrix in cartesian axes

     q = (   -0.625000000  -0.125000000  -0.875000000 ) 

    1    1
  0.18985907  0.00000000    0.00215690  0.00309823   -0.00032618 -0.00152189
  0.00215690 -0.00309823    0.23168154  0.00000000    0.00175456 -0.01051828
 -0.00032618  0.00152189    0.00175456  0.01051828    0.19700801  0.00000000
    1    2
 -0.04682728 -0.00150371    0.03287204 -0.04102446    0.08670258  0.05566596
  0.03308849 -0.04134317   -0.06126317 -0.00592704    0.01777119 -0.00234940
  0.08681059  0.05581365    0.01750628 -0.00201260   -0.04950408  0.00372541
    2    1
 -0.04682728  0.00150371    0.03308849  0.04134317    0.08681059 -0.05581365
  0.03287204  0.04102446   -0.06126317  0.00592704    0.01750628  0.00201260
  0.08670258 -0.05566596    0.01777119  0.00234940   -0.04950408 -0.00372541
    2    2
  0.18530439  0.00000000    0.00199748 -0.00298521    0.00054508  0.00163856
  0.00199748  0.00298521    0.22676593  0.00000000    0.00178545  0.01043996
  0.00054508 -0.00163856    0.00178545 -0.01043996    0.19212688  0.00000000

     Dynamical  Matrix in cartesian axes

     q = (    0.625000000   0.125000000   0.875000000 ) 

    1    1
  0.18985907  0.00000000    0.00215690 -0.00309823   -0.00032618  0.00152189
  0.00215690  0.00309823    0.23168154  0.00000000    0.00175456  0.01051828
 -0.00032618 -0.00152189    0.00175456 -0.01051828    0.19700801  0.00000000
    1    2
 -0.04682728  0.00150371    0.03287204  0.04102446    0.08670258 -0.05566596
  0.03308849  0.04134317   -0.06126317  0.00592704    0.01777119  0.00234940
  0.08681059 -0.05581365    0.01750628  0.00201260   -0.04950408 -0.00372541
    2    1
 -0.04682728 -0.00150371    0.03308849 -0.04134317    0.08681059  0.05581365
  0.03287204 -0.04102446   -0.06126317 -0.00592704    0.01750628 -0.00201260
  0.08670258  0.05566596    0.01777119 -0.00234940   -0.04950408  0.00372541
    2    2
  0.18530439  0.00000000    0.00199748  0.00298521    0.00054508 -0.00163856
  0.00199748 -0.00298521    0.22676593  0.00000000    0.00178545 -0.01043996
  0.00054508  0.00163856    0.00178545  0.01043996    0.19212688  0.00000000

     Dynamical  Matrix in cartesian axes

     q = (   -0.875000000  -0.125000000  -0.625000000 ) 

    1    1
  0.19700801  0.00000000    0.00175456  0.01051828   -0.00032618  0.00152189
  0.00175456 -0.01051828    0.23168154  0.00000000    0.00215690 -0.00309823
 -0.00032618 -0.00152189    0.00215690  0.00309823    0.18985907  0.00000000
    1    2
 -0.03237041  0.03763893    0.01095569 -0.01380193    0.10085057 -0.02191814
  0.01090485 -0.01422741   -0.04751066  0.03912855   -0.00583694 -0.05263113
  0.10066977 -0.02194620   -0.00576463 -0.05225271   -0.03417517  0.03204860
    2    1
 -0.03237041 -0.03763893    0.01090485  0.01422741    0.10066977  0.02194620
  0.01095569  0.01380193   -0.04751066 -0.03912855   -0.00576463  0.05225271
  0.10085057  0.02191814   -0.00583694  0.05263113   -0.03417517 -0.03204860
    2    2
  0.19212688  0.00000000    0.00178545 -0.01043996    0.00054508 -0.00163856
  0.00178545  0.01043996    0.22676593  0.00000000    0.00199748  0.00298521
  0.00054508  0.00163856    0.00199748 -0.00298521    0.18530439  0.00000000

     Dynamical  Matrix in cartesian axes

     q = (    0.875000000   0.125000000   0.625000000 ) 

    1    1
  0.19700801  0.00000000    0.00175456 -0.01051828   -0.00032618 -0.00152189
  0.00175456  0.01051828    0.23168154  0.00000000    0.00215690  0.00309823
 -0.00032618  0.00152189    0.00215690 -0.00309823    0.18985907  0.00000000
    1    2
 -0.03237041 -0.03763893    0.01095569  0.01380193    0.10085057  0.02191814
  0.01090485  0.01422741   -0.04751066 -0.03912855   -0.00583694  0.05263113
  0.10066977  0.02194620   -0.00576463  0.05225271   -0.03417517 -0.03204860
    2    1
 -0.03237041  0.03763893    0.01090485 -0.01422741    0.10066977 -0.02194620
  0.01095569 -0.01380193   -0.04751066  0.03912855   -0.00576463 -0.05225271
  0.10085057 -0.02191814   -0.00583694 -0.05263113   -0.03417517  0.03204860
    2    2
  0.19212688  0.00000000    0.00178545  0.01043996    0.00054508  0.00163856
  0.00178545 -0.01043996    0.22676593  0.00000000    0.00199748 -0.00298521
  0.00054508 -0.00163856    0.00199748  0.00298521    0.18530439  0.00000000

     Dynamical  Matrix in cartesian axes

     q = (   -0.875000000   0.125000000   0.625000000 ) 

    1    1
  0.19700801  0.00000000   -0.00175456 -0.01051828    0.00032618 -0.00152189
 -0.00175456  0.01051828    0.23168154  0.00000000    0.00215690 -0.00309823
  0.00032618  0.00152189    0.00215690  0.00309823    0.18985907  0.00000000
    1    2
  0.04950408 -0.00372541    0.01750628 -0.00201260    0.08681059  0.05581365
  0.01777119 -0.00234940    0.06126317  0.00592704   -0.03308849  0.04134317
  0.08670258  0.05566596   -0.03287204  0.04102446    0.04682728  0.00150371
    2    1
  0.04950408  0.00372541    0.01777119  0.00234940    0.08670258 -0.05566596
  0.01750628  0.00201260    0.06126317 -0.00592704   -0.03287204 -0.04102446
  0.08681059 -0.05581365   -0.03308849 -0.04134317    0.04682728 -0.00150371
    2    2
  0.19212688  0.00000000   -0.00178545  0.01043996   -0.00054508  0.00163856
 -0.00178545 -0.01043996    0.22676593  0.00000000    0.00199748  0.00298521
 -0.00054508 -0.00163856    0.00199748 -0.00298521    0.18530439  0.00000000

     Dynamical  Matrix in cartesian axes

     q = (    0.875000000  -0.125000000  -0.625000000 ) 

    1    1
  0.19700801  0.00000000   -0.00175456  0.01051828    0.00032618  0.00152189
 -0.00175456 -0.01051828    0.23168154  0.00000000    0.00215690  0.00309823
  0.00032618 -0.00152189    0.00215690 -0.00309823    0.18985907  0.00000000
    1    2
  0.04950408  0.00372541    0.01750628  0.00201260    0.08681059 -0.05581365
  0.01777119  0.00234940    0.06126317 -0.00592704   -0.03308849 -0.04134317
  0.08670258 -0.05566596   -0.03287204 -0.04102446    0.04682728 -0.00150371
    2    1
  0.04950408 -0.00372541    0.01777119 -0.00234940    0.08670258  0.05566596
  0.01750628 -0.00201260    0.06126317  0.00592704   -0.03287204  0.04102446
  0.08681059  0.05581365   -0.03308849  0.04134317    0.04682728  0.00150371
    2    2
  0.19212688  0.00000000   -0.00178545 -0.01043996   -0.00054508 -0.00163856
 -0.00178545  0.01043996    0.22676593  0.00000000    0.00199748 -0.00298521
 -0.00054508  0.00163856    0.00199748  0.00298521    0.18530439  0.00000000

     Dynamical  Matrix in cartesian axes

     q = (    0.875000000   0.125000000  -0.625000000 ) 

    1    1
  0.19700801  0.00000000    0.00175456  0.01051828    0.00032618 -0.00152189
  0.00175456 -0.01051828    0.23168154 -0.00000000   -0.00215690  0.00309823
  0.00032618  0.00152189   -0.00215690 -0.00309823    0.18985907  0.00000000
    1    2
 -0.00372541 -0.04950408    0.00201260  0.01750628    0.05581365 -0.08681059
  0.00234940  0.01777119    0.00592704 -0.06126317   -0.04134317 -0.03308849
  0.05566596 -0.08670258   -0.04102446 -0.03287204    0.00150371 -0.04682728
    2    1
 -0.00372541  0.04950408    0.00234940 -0.01777119    0.05566596  0.08670258
  0.00201260 -0.01750628    0.00592704  0.06126317   -0.04102446  0.03287204
  0.05581365  0.08681059   -0.04134317  0.03308849    0.00150371  0.04682728
    2    2
  0.19212688  0.00000000    0.00178545 -0.01043996   -0.00054508  0.00163856
  0.00178545  0.01043996    0.22676593  0.00000000   -0.00199748 -0.00298521
 -0.00054508 -0.00163856   -0.00199748  0.00298521    0.18530439  0.00000000

     Dynamical  Matrix in cartesian axes

     q = (   -0.875000000  -0.125000000   0.625000000 ) 

    1    1
  0.19700801 -0.00000000    0.00175456 -0.01051828    0.00032618  0.00152189
  0.00175456  0.01051828    0.23168154  0.00000000   -0.00215690 -0.00309823
  0.00032618 -0.00152189   -0.00215690  0.00309823    0.18985907 -0.00000000
    1    2
 -0.00372541  0.04950408    0.00201260 -0.01750628    0.05581365  0.08681059
  0.00234940 -0.01777119    0.00592704  0.06126317   -0.04134317  0.03308849
  0.05566596  0.08670258   -0.04102446  0.03287204    0.00150371  0.04682728
    2    1
 -0.00372541 -0.04950408    0.00234940  0.01777119    0.05566596 -0.08670258
  0.00201260  0.01750628    0.00592704 -0.06126317   -0.04102446 -0.03287204
  0.05581365 -0.08681059   -0.04134317 -0.03308849    0.00150371 -0.04682728
    2    2
  0.19212688  0.00000000    0.00178545  0.01043996   -0.00054508 -0.00163856
  0.00178545 -0.01043996    0.22676593  0.00000000   -0.00199748  0.00298521
 -0.00054508  0.00163856   -0.00199748 -0.00298521    0.18530439  0.00000000

     Dynamical  Matrix in cartesian axes

     q = (   -0.625000000   0.125000000   0.875000000 ) 

    1    1
  0.18985907  0.00000000   -0.00215690 -0.00309823    0.00032618  0.00152189
 -0.00215690  0.00309823    0.23168154  0.00000000    0.00175456 -0.01051828
  0.00032618 -0.00152189    0.00175456  0.01051828    0.19700801  0.00000000
    1    2
  0.04682728  0.00150371    0.03287204 -0.04102446    0.08670258  0.05566596
  0.03308849 -0.04134317    0.06126317  0.00592704   -0.01777119  0.00234940
  0.08681059  0.05581365   -0.01750628  0.00201260    0.04950408 -0.00372541
    2    1
  0.04682728 -0.00150371    0.03308849  0.04134317    0.08681059 -0.05581365
  0.03287204  0.04102446    0.06126317 -0.00592704   -0.01750628 -0.00201260
  0.08670258 -0.05566596   -0.01777119 -0.00234940    0.04950408  0.00372541
    2    2
  0.18530439  0.00000000   -0.00199748  0.00298521   -0.00054508 -0.00163856
 -0.00199748 -0.00298521    0.22676593  0.00000000    0.00178545  0.01043996
 -0.00054508  0.00163856    0.00178545 -0.01043996    0.19212688  0.00000000

     Dynamical  Matrix in cartesian axes

     q = (    0.625000000  -0.125000000  -0.875000000 ) 

    1    1
  0.18985907  0.00000000   -0.00215690  0.00309823    0.00032618 -0.00152189
 -0.00215690 -0.00309823    0.23168154  0.00000000    0.00175456  0.01051828
  0.00032618  0.00152189    0.00175456 -0.01051828    0.19700801  0.00000000
    1    2
  0.04682728 -0.00150371    0.03287204  0.04102446    0.08670258 -0.05566596
  0.03308849  0.04134317    0.06126317 -0.00592704   -0.01777119 -0.00234940
  0.08681059 -0.05581365   -0.01750628 -0.00201260    0.04950408  0.00372541
    2    1
  0.04682728  0.00150371    0.03308849 -0.04134317    0.08681059  0.05581365
  0.03287204 -0.04102446    0.06126317  0.00592704   -0.01750628  0.00201260
  0.08670258  0.05566596   -0.01777119  0.00234940    0.04950408 -0.00372541
    2    2
  0.18530439  0.00000000   -0.00199748 -0.00298521   -0.00054508  0.00163856
 -0.00199748  0.00298521    0.22676593  0.00000000    0.00178545 -0.01043996
 -0.00054508 -0.00163856    0.00178545  0.01043996    0.19212688  0.00000000

     Dynamical  Matrix in cartesian axes

     q = (    0.625000000   0.125000000  -0.875000000 ) 

    1    1
  0.18985907  0.00000000    0.00215690  0.00309823    0.00032618  0.00152189
  0.00215690 -0.00309823    0.23168154  0.00000000   -0.00175456  0.01051828
  0.00032618 -0.00152189   -0.00175456 -0.01051828    0.19700801 -0.00000000
    1    2
  0.00150371 -0.04682728    0.04102446  0.03287204    0.05566596 -0.08670258
  0.04134317  0.03308849    0.00592704 -0.06126317   -0.00234940 -0.01777119
  0.05581365 -0.08681059   -0.00201260 -0.01750628   -0.00372541 -0.04950408
    2    1
  0.00150371  0.04682728    0.04134317 -0.03308849    0.05581365  0.08681059
  0.04102446 -0.03287204    0.00592704  0.06126317   -0.00201260  0.01750628
  0.05566596  0.08670258   -0.00234940  0.01777119   -0.00372541  0.04950408
    2    2
  0.18530439  0.00000000    0.00199748 -0.00298521   -0.00054508 -0.00163856
  0.00199748  0.00298521    0.22676593  0.00000000   -0.00178545 -0.01043996
 -0.00054508  0.00163856   -0.00178545  0.01043996    0.19212688  0.00000000

     Dynamical  Matrix in cartesian axes

     q = (   -0.625000000  -0.125000000   0.875000000 ) 

    1    1
  0.18985907  0.00000000    0.00215690 -0.00309823    0.00032618 -0.00152189
  0.00215690  0.00309823    0.23168154  0.00000000   -0.00175456 -0.01051828
  0.00032618  0.00152189   -0.00175456  0.01051828    0.19700801  0.00000000
    1    2
  0.00150371  0.04682728    0.04102446 -0.03287204    0.05566596  0.08670258
  0.04134317 -0.03308849    0.00592704  0.06126317   -0.00234940  0.01777119
  0.05581365  0.08681059   -0.00201260  0.01750628   -0.00372541  0.04950408
    2    1
  0.00150371 -0.04682728    0.04134317  0.03308849    0.05581365 -0.08681059
  0.04102446  0.03287204    0.00592704 -0.06126317   -0.00201260 -0.01750628
  0.05566596 -0.08670258   -0.00234940 -0.01777119   -0.00372541 -0.04950408
    2    2
  0.18530439  0.00000000    0.00199748  0.00298521   -0.00054508  0.00163856
  0.00199748 -0.00298521    0.22676593  0.00000000   -0.00178545  0.01043996
 -0.00054508 -0.00163856   -0.00178545 -0.01043996    0.19212688  0.00000000

     Dynamical  Matrix in cartesian axes

     q = (    0.875000000   0.625000000  -0.125000000 ) 

    1    1
  0.19700801  0.00000000   -0.00032618  0.00152189   -0.00175456 -0.01051828
 -0.00032618 -0.00152189    0.18985907  0.00000000   -0.00215690 -0.00309823
 -0.00175456  0.01051828   -0.00215690  0.00309823    0.23168154 -0.00000000
    1    2
 -0.04950408  0.00372541    0.08681059  0.05581365   -0.01750628  0.00201260
  0.08670258  0.05566596   -0.04682728 -0.00150371   -0.03287204  0.04102446
 -0.01777119  0.00234940   -0.03308849  0.04134317   -0.06126317 -0.00592704
    2    1
 -0.04950408 -0.00372541    0.08670258 -0.05566596   -0.01777119 -0.00234940
  0.08681059 -0.05581365   -0.04682728  0.00150371   -0.03308849 -0.04134317
 -0.01750628 -0.00201260   -0.03287204 -0.04102446   -0.06126317  0.00592704
    2    2
  0.19212688  0.00000000    0.00054508 -0.00163856   -0.00178545  0.01043996
  0.00054508  0.00163856    0.18530439  0.00000000   -0.00199748  0.00298521
 -0.00178545 -0.01043996   -0.00199748 -0.00298521    0.22676593  0.00000000

     Dynamical  Matrix in cartesian axes

     q = (   -0.875000000  -0.625000000   0.125000000 ) 

    1    1
  0.19700801  0.00000000   -0.00032618 -0.00152189   -0.00175456  0.01051828
 -0.00032618  0.00152189    0.18985907  0.00000000   -0.00215690  0.00309823
 -0.00175456 -0.01051828   -0.00215690 -0.00309823    0.23168154  0.00000000
    1    2
 -0.04950408 -0.00372541    0.08681059 -0.05581365   -0.01750628 -0.00201260
  0.08670258 -0.05566596   -0.04682728  0.00150371   -0.03287204 -0.04102446
 -0.01777119 -0.00234940   -0.03308849 -0.04134317   -0.06126317  0.00592704
    2    1
 -0.04950408  0.00372541    0.08670258  0.05566596   -0.01777119  0.00234940
  0.08681059  0.05581365   -0.04682728 -0.00150371   -0.03308849  0.04134317
 -0.01750628  0.00201260   -0.03287204  0.04102446   -0.06126317 -0.00592704
    2    2
  0.19212688  0.00000000    0.00054508  0.00163856   -0.00178545 -0.01043996
  0.00054508 -0.00163856    0.18530439  0.00000000   -0.00199748 -0.00298521
 -0.00178545  0.01043996   -0.00199748  0.00298521    0.22676593  0.00000000

     Dynamical  Matrix in cartesian axes

     q = (   -0.625000000  -0.875000000  -0.125000000 ) 

    1    1
  0.18985907  0.00000000   -0.00032618 -0.00152189    0.00215690  0.00309823
 -0.00032618  0.00152189    0.19700801  0.00000000    0.00175456  0.01051828
  0.00215690 -0.00309823    0.00175456 -0.01051828    0.23168154  0.00000000
    1    2
 -0.04682728 -0.00150371    0.08670258  0.05566596    0.03287204 -0.04102446
  0.08681059  0.05581365   -0.04950408  0.00372541    0.01750628 -0.00201260
  0.03308849 -0.04134317    0.01777119 -0.00234940   -0.06126317 -0.00592704
    2    1
 -0.04682728  0.00150371    0.08681059 -0.05581365    0.03308849  0.04134317
  0.08670258 -0.05566596   -0.04950408 -0.00372541    0.01777119  0.00234940
  0.03287204  0.04102446    0.01750628  0.00201260   -0.06126317  0.00592704
    2    2
  0.18530439  0.00000000    0.00054508  0.00163856    0.00199748 -0.00298521
  0.00054508 -0.00163856    0.19212688  0.00000000    0.00178545 -0.01043996
  0.00199748  0.00298521    0.00178545  0.01043996    0.22676593  0.00000000

     Dynamical  Matrix in cartesian axes

     q = (    0.625000000   0.875000000   0.125000000 ) 

    1    1
  0.18985907  0.00000000   -0.00032618  0.00152189    0.00215690 -0.00309823
 -0.00032618 -0.00152189    0.19700801  0.00000000    0.00175456 -0.01051828
  0.00215690  0.00309823    0.00175456  0.01051828    0.23168154  0.00000000
    1    2
 -0.04682728  0.00150371    0.08670258 -0.05566596    0.03287204  0.04102446
  0.08681059 -0.05581365   -0.04950408 -0.00372541    0.01750628  0.00201260
  0.03308849  0.04134317    0.01777119  0.00234940   -0.06126317  0.00592704
    2    1
 -0.04682728 -0.00150371    0.08681059  0.05581365    0.03308849 -0.04134317
  0.08670258  0.05566596   -0.04950408  0.00372541    0.01777119 -0.00234940
  0.03287204 -0.04102446    0.01750628 -0.00201260   -0.06126317 -0.00592704
    2    2
  0.18530439  0.00000000    0.00054508 -0.00163856    0.00199748  0.00298521
  0.00054508  0.00163856    0.19212688  0.00000000    0.00178545  0.01043996
  0.00199748 -0.00298521    0.00178545 -0.01043996    0.22676593  0.00000000

     Dynamical  Matrix in cartesian axes

     q = (   -0.875000000  -0.625000000  -0.125000000 ) 

    1    1
  0.19700801  0.00000000   -0.00032618  0.00152189    0.00175456  0.01051828
 -0.00032618 -0.00152189    0.18985907  0.00000000    0.00215690  0.00309823
  0.00175456 -0.01051828    0.00215690 -0.00309823    0.23168154  0.00000000
    1    2
 -0.03237041  0.03763893    0.10085057 -0.02191814    0.01095569 -0.01380193
  0.10066977 -0.02194620   -0.03417517  0.03204860   -0.00576463 -0.05225271
  0.01090485 -0.01422741   -0.00583694 -0.05263113   -0.04751066  0.03912855
    2    1
 -0.03237041 -0.03763893    0.10066977  0.02194620    0.01090485  0.01422741
  0.10085057  0.02191814   -0.03417517 -0.03204860   -0.00583694  0.05263113
  0.01095569  0.01380193   -0.00576463  0.05225271   -0.04751066 -0.03912855
    2    2
  0.19212688  0.00000000    0.00054508 -0.00163856    0.00178545 -0.01043996
  0.00054508  0.00163856    0.18530439  0.00000000    0.00199748 -0.00298521
  0.00178545  0.01043996    0.00199748  0.00298521    0.22676593  0.00000000

     Dynamical  Matrix in cartesian axes

     q = (    0.875000000   0.625000000   0.125000000 ) 

    1    1
  0.19700801  0.00000000   -0.00032618 -0.00152189    0.00175456 -0.01051828
 -0.00032618  0.00152189    0.18985907  0.00000000    0.00215690 -0.00309823
  0.00175456  0.01051828    0.00215690  0.00309823    0.23168154  0.00000000
    1    2
 -0.03237041 -0.03763893    0.10085057  0.02191814    0.01095569  0.01380193
  0.10066977  0.02194620   -0.03417517 -0.03204860   -0.00576463  0.05225271
  0.01090485  0.01422741   -0.00583694  0.05263113   -0.04751066 -0.03912855
    2    1
 -0.03237041  0.03763893    0.10066977 -0.02194620    0.01090485 -0.01422741
  0.10085057 -0.02191814   -0.03417517  0.03204860   -0.00583694 -0.05263113
  0.01095569 -0.01380193   -0.00576463 -0.05225271   -0.04751066  0.03912855
    2    2
  0.19212688  0.00000000    0.00054508  0.00163856    0.00178545  0.01043996
  0.00054508 -0.00163856    0.18530439  0.00000000    0.00199748  0.00298521
  0.00178545 -0.01043996    0.00199748 -0.00298521    0.22676593  0.00000000

     Dynamical  Matrix in cartesian axes

     q = (   -0.875000000   0.625000000   0.125000000 ) 

    1    1
  0.19700801  0.00000000    0.00032618 -0.00152189   -0.00175456 -0.01051828
  0.00032618  0.00152189    0.18985907  0.00000000    0.00215690  0.00309823
 -0.00175456  0.01051828    0.00215690 -0.00309823    0.23168154  0.00000000
    1    2
  0.04950408 -0.00372541    0.08681059  0.05581365    0.01750628 -0.00201260
  0.08670258  0.05566596    0.04682728  0.00150371   -0.03287204  0.04102446
  0.01777119 -0.00234940   -0.03308849  0.04134317    0.06126317  0.00592704
    2    1
  0.04950408  0.00372541    0.08670258 -0.05566596    0.01777119  0.00234940
  0.08681059 -0.05581365    0.04682728 -0.00150371   -0.03308849 -0.04134317
  0.01750628  0.00201260   -0.03287204 -0.04102446    0.06126317 -0.00592704
    2    2
  0.19212688  0.00000000   -0.00054508  0.00163856   -0.00178545  0.01043996
 -0.00054508 -0.00163856    0.18530439  0.00000000    0.00199748 -0.00298521
 -0.00178545 -0.01043996    0.00199748  0.00298521    0.22676593  0.00000000

     Dynamical  Matrix in cartesian axes

     q = (    0.875000000  -0.625000000  -0.125000000 ) 

    1    1
  0.19700801  0.00000000    0.00032618  0.00152189   -0.00175456  0.01051828
  0.00032618 -0.00152189    0.18985907  0.00000000    0.00215690 -0.00309823
 -0.00175456 -0.01051828    0.00215690  0.00309823    0.23168154  0.00000000
    1    2
  0.04950408  0.00372541    0.08681059 -0.05581365    0.01750628  0.00201260
  0.08670258 -0.05566596    0.04682728 -0.00150371   -0.03287204 -0.04102446
  0.01777119  0.00234940   -0.03308849 -0.04134317    0.06126317 -0.00592704
    2    1
  0.04950408 -0.00372541    0.08670258  0.05566596    0.01777119 -0.00234940
  0.08681059  0.05581365    0.04682728  0.00150371   -0.03308849  0.04134317
  0.01750628 -0.00201260   -0.03287204  0.04102446    0.06126317  0.00592704
    2    2
  0.19212688  0.00000000   -0.00054508 -0.00163856   -0.00178545 -0.01043996
 -0.00054508  0.00163856    0.18530439  0.00000000    0.00199748  0.00298521
 -0.00178545  0.01043996    0.00199748 -0.00298521    0.22676593  0.00000000

     Dynamical  Matrix in cartesian axes

     q = (   -0.625000000   0.875000000   0.125000000 ) 

    1    1
  0.18985907  0.00000000    0.00032618  0.00152189   -0.00215690 -0.00309823
  0.00032618 -0.00152189    0.19700801  0.00000000    0.00175456  0.01051828
 -0.00215690  0.00309823    0.00175456 -0.01051828    0.23168154  0.00000000
    1    2
  0.04682728  0.00150371    0.08670258  0.05566596    0.03287204 -0.04102446
  0.08681059  0.05581365    0.04950408 -0.00372541   -0.01750628  0.00201260
  0.03308849 -0.04134317   -0.01777119  0.00234940    0.06126317  0.00592704
    2    1
  0.04682728 -0.00150371    0.08681059 -0.05581365    0.03308849  0.04134317
  0.08670258 -0.05566596    0.04950408  0.00372541   -0.01777119 -0.00234940
  0.03287204  0.04102446   -0.01750628 -0.00201260    0.06126317 -0.00592704
    2    2
  0.18530439  0.00000000   -0.00054508 -0.00163856   -0.00199748  0.00298521
 -0.00054508  0.00163856    0.19212688  0.00000000    0.00178545 -0.01043996
 -0.00199748 -0.00298521    0.00178545  0.01043996    0.22676593  0.00000000

     Dynamical  Matrix in cartesian axes

     q = (    0.625000000  -0.875000000  -0.125000000 ) 

    1    1
  0.18985907  0.00000000    0.00032618 -0.00152189   -0.00215690  0.00309823
  0.00032618  0.00152189    0.19700801  0.00000000    0.00175456 -0.01051828
 -0.00215690 -0.00309823    0.00175456  0.01051828    0.23168154  0.00000000
    1    2
  0.04682728 -0.00150371    0.08670258 -0.05566596    0.03287204  0.04102446
  0.08681059 -0.05581365    0.04950408  0.00372541   -0.01750628 -0.00201260
  0.03308849  0.04134317   -0.01777119 -0.00234940    0.06126317 -0.00592704
    2    1
  0.04682728  0.00150371    0.08681059  0.05581365    0.03308849 -0.04134317
  0.08670258  0.05566596    0.04950408 -0.00372541   -0.01777119  0.00234940
  0.03287204 -0.04102446   -0.01750628  0.00201260    0.06126317  0.00592704
    2    2
  0.18530439  0.00000000   -0.00054508  0.00163856   -0.00199748 -0.00298521
 -0.00054508 -0.00163856    0.19212688  0.00000000    0.00178545  0.01043996
 -0.00199748  0.00298521    0.00178545 -0.01043996    0.22676593  0.00000000

     Dynamical  Matrix in cartesian axes

     q = (   -0.125000000   0.625000000   0.875000000 ) 

    1    1
  0.23168154  0.00000000   -0.00215690  0.00309823   -0.00175456  0.01051828
 -0.00215690 -0.00309823    0.18985907  0.00000000   -0.00032618 -0.00152189
 -0.00175456 -0.01051828   -0.00032618  0.00152189    0.19700801  0.00000000
    1    2
  0.06126317  0.00592704    0.03308849 -0.04134317    0.01777119 -0.00234940
  0.03287204 -0.04102446    0.04682728  0.00150371   -0.08670258 -0.05566596
  0.01750628 -0.00201260   -0.08681059 -0.05581365    0.04950408 -0.00372541
    2    1
  0.06126317 -0.00592704    0.03287204  0.04102446    0.01750628  0.00201260
  0.03308849  0.04134317    0.04682728 -0.00150371   -0.08681059  0.05581365
  0.01777119  0.00234940   -0.08670258  0.05566596    0.04950408  0.00372541
    2    2
  0.22676593  0.00000000   -0.00199748 -0.00298521   -0.00178545 -0.01043996
 -0.00199748  0.00298521    0.18530439  0.00000000    0.00054508  0.00163856
 -0.00178545  0.01043996    0.00054508 -0.00163856    0.19212688  0.00000000

     Dynamical  Matrix in cartesian axes

     q = (    0.125000000  -0.625000000  -0.875000000 ) 

    1    1
  0.23168154  0.00000000   -0.00215690 -0.00309823   -0.00175456 -0.01051828
 -0.00215690  0.00309823    0.18985907  0.00000000   -0.00032618  0.00152189
 -0.00175456  0.01051828   -0.00032618 -0.00152189    0.19700801  0.00000000
    1    2
  0.06126317 -0.00592704    0.03308849  0.04134317    0.01777119  0.00234940
  0.03287204  0.04102446    0.04682728 -0.00150371   -0.08670258  0.05566596
  0.01750628  0.00201260   -0.08681059  0.05581365    0.04950408  0.00372541
    2    1
  0.06126317  0.00592704    0.03287204 -0.04102446    0.01750628 -0.00201260
  0.03308849 -0.04134317    0.04682728  0.00150371   -0.08681059 -0.05581365
  0.01777119 -0.00234940   -0.08670258 -0.05566596    0.04950408 -0.00372541
    2    2
  0.22676593  0.00000000   -0.00199748  0.00298521   -0.00178545  0.01043996
 -0.00199748 -0.00298521    0.18530439  0.00000000    0.00054508 -0.00163856
 -0.00178545 -0.01043996    0.00054508  0.00163856    0.19212688  0.00000000

     Dynamical  Matrix in cartesian axes

     q = (    0.125000000   0.625000000  -0.875000000 ) 

    1    1
  0.23168154  0.00000000    0.00215690 -0.00309823   -0.00175456  0.01051828
  0.00215690  0.00309823    0.18985907  0.00000000    0.00032618  0.00152189
 -0.00175456 -0.01051828    0.00032618 -0.00152189    0.19700801  0.00000000
    1    2
 -0.06126317 -0.00592704    0.03308849 -0.04134317   -0.01777119  0.00234940
  0.03287204 -0.04102446   -0.04682728 -0.00150371   -0.08670258 -0.05566596
 -0.01750628  0.00201260   -0.08681059 -0.05581365   -0.04950408  0.00372541
    2    1
 -0.06126317  0.00592704    0.03287204  0.04102446   -0.01750628 -0.00201260
  0.03308849  0.04134317   -0.04682728  0.00150371   -0.08681059  0.05581365
 -0.01777119 -0.00234940   -0.08670258  0.05566596   -0.04950408 -0.00372541
    2    2
  0.22676593  0.00000000    0.00199748  0.00298521   -0.00178545 -0.01043996
  0.00199748 -0.00298521    0.18530439  0.00000000   -0.00054508 -0.00163856
 -0.00178545  0.01043996   -0.00054508  0.00163856    0.19212688  0.00000000

     Dynamical  Matrix in cartesian axes

     q = (   -0.125000000  -0.625000000   0.875000000 ) 

    1    1
  0.23168154  0.00000000    0.00215690  0.00309823   -0.00175456 -0.01051828
  0.00215690 -0.00309823    0.18985907  0.00000000    0.00032618 -0.00152189
 -0.00175456  0.01051828    0.00032618  0.00152189    0.19700801 -0.00000000
    1    2
 -0.06126317  0.00592704    0.03308849  0.04134317   -0.01777119 -0.00234940
  0.03287204  0.04102446   -0.04682728  0.00150371   -0.08670258  0.05566596
 -0.01750628 -0.00201260   -0.08681059  0.05581365   -0.04950408 -0.00372541
    2    1
 -0.06126317 -0.00592704    0.03287204 -0.04102446   -0.01750628  0.00201260
  0.03308849 -0.04134317   -0.04682728 -0.00150371   -0.08681059 -0.05581365
 -0.01777119  0.00234940   -0.08670258 -0.05566596   -0.04950408  0.00372541
    2    2
  0.22676593  0.00000000    0.00199748 -0.00298521   -0.00178545  0.01043996
  0.00199748  0.00298521    0.18530439  0.00000000   -0.00054508  0.00163856
 -0.00178545 -0.01043996   -0.00054508 -0.00163856    0.19212688  0.00000000

     Dynamical  Matrix in cartesian axes

     q = (   -0.125000000  -0.625000000  -0.875000000 ) 

    1    1
  0.23168154  0.00000000    0.00215690 -0.00309823    0.00175456 -0.01051828
  0.00215690  0.00309823    0.18985907  0.00000000   -0.00032618 -0.00152189
  0.00175456  0.01051828   -0.00032618  0.00152189    0.19700801  0.00000000
    1    2
  0.00592704 -0.06126317    0.04134317  0.03308849    0.00234940  0.01777119
  0.04102446  0.03287204    0.00150371 -0.04682728   -0.05566596  0.08670258
  0.00201260  0.01750628   -0.05581365  0.08681059   -0.00372541 -0.04950408
    2    1
  0.00592704  0.06126317    0.04102446 -0.03287204    0.00201260 -0.01750628
  0.04134317 -0.03308849    0.00150371  0.04682728   -0.05581365 -0.08681059
  0.00234940 -0.01777119   -0.05566596 -0.08670258   -0.00372541  0.04950408
    2    2
  0.22676593  0.00000000    0.00199748  0.00298521    0.00178545  0.01043996
  0.00199748 -0.00298521    0.18530439  0.00000000    0.00054508  0.00163856
  0.00178545 -0.01043996    0.00054508 -0.00163856    0.19212688  0.00000000

     Dynamical  Matrix in cartesian axes

     q = (    0.125000000   0.625000000   0.875000000 ) 

    1    1
  0.23168154  0.00000000    0.00215690  0.00309823    0.00175456  0.01051828
  0.00215690 -0.00309823    0.18985907  0.00000000   -0.00032618  0.00152189
  0.00175456 -0.01051828   -0.00032618 -0.00152189    0.19700801  0.00000000
    1    2
  0.00592704  0.06126317    0.04134317 -0.03308849    0.00234940 -0.01777119
  0.04102446 -0.03287204    0.00150371  0.04682728   -0.05566596 -0.08670258
  0.00201260 -0.01750628   -0.05581365 -0.08681059   -0.00372541  0.04950408
    2    1
  0.00592704 -0.06126317    0.04102446  0.03287204    0.00201260  0.01750628
  0.04134317  0.03308849    0.00150371 -0.04682728   -0.05581365  0.08681059
  0.00234940  0.01777119   -0.05566596  0.08670258   -0.00372541 -0.04950408
    2    2
  0.22676593  0.00000000    0.00199748 -0.00298521    0.00178545 -0.01043996
  0.00199748  0.00298521    0.18530439  0.00000000    0.00054508 -0.00163856
  0.00178545  0.01043996    0.00054508  0.00163856    0.19212688  0.00000000

     Dynamical  Matrix in cartesian axes

     q = (    0.125000000  -0.625000000   0.875000000 ) 

    1    1
  0.23168154  0.00000000   -0.00215690  0.00309823    0.00175456 -0.01051828
 -0.00215690 -0.00309823    0.18985907  0.00000000    0.00032618  0.00152189
  0.00175456  0.01051828    0.00032618 -0.00152189    0.19700801  0.00000000
    1    2
 -0.04751066  0.03912855    0.00583694  0.05263113    0.01090485 -0.01422741
  0.00576463  0.05225271   -0.03417517  0.03204860   -0.10066977  0.02194620
  0.01095569 -0.01380193   -0.10085057  0.02191814   -0.03237041  0.03763893
    2    1
 -0.04751066 -0.03912855    0.00576463 -0.05225271    0.01095569  0.01380193
  0.00583694 -0.05263113   -0.03417517 -0.03204860   -0.10085057 -0.02191814
  0.01090485  0.01422741   -0.10066977 -0.02194620   -0.03237041 -0.03763893
    2    2
  0.22676593  0.00000000   -0.00199748 -0.00298521    0.00178545  0.01043996
 -0.00199748  0.00298521    0.18530439  0.00000000   -0.00054508 -0.00163856
  0.00178545 -0.01043996   -0.00054508  0.00163856    0.19212688  0.00000000

     Dynamical  Matrix in cartesian axes

     q = (   -0.125000000   0.625000000  -0.875000000 ) 

    1    1
  0.23168154  0.00000000   -0.00215690 -0.00309823    0.00175456  0.01051828
 -0.00215690  0.00309823    0.18985907  0.00000000    0.00032618 -0.00152189
  0.00175456 -0.01051828    0.00032618  0.00152189    0.19700801  0.00000000
    1    2
 -0.04751066 -0.03912855    0.00583694 -0.05263113    0.01090485  0.01422741
  0.00576463 -0.05225271   -0.03417517 -0.03204860   -0.10066977 -0.02194620
  0.01095569  0.01380193   -0.10085057 -0.02191814   -0.03237041 -0.03763893
    2    1
 -0.04751066  0.03912855    0.00576463  0.05225271    0.01095569 -0.01380193
  0.00583694  0.05263113   -0.03417517  0.03204860   -0.10085057  0.02191814
  0.01090485 -0.01422741   -0.10066977  0.02194620   -0.03237041  0.03763893
    2    2
  0.22676593  0.00000000   -0.00199748  0.00298521    0.00178545 -0.01043996
 -0.00199748 -0.00298521    0.18530439  0.00000000   -0.00054508  0.00163856
  0.00178545  0.01043996   -0.00054508 -0.00163856    0.19212688  0.00000000

     Dynamical  Matrix in cartesian axes

     q = (   -0.125000000   0.875000000   0.625000000 ) 

    1    1
  0.23168154  0.00000000   -0.00175456  0.01051828   -0.00215690  0.00309823
 -0.00175456 -0.01051828    0.19700801  0.00000000   -0.00032618  0.00152189
 -0.00215690 -0.00309823   -0.00032618 -0.00152189    0.18985907  0.00000000
    1    2
  0.06126317  0.00592704    0.01777119 -0.00234940    0.03308849 -0.04134317
  0.01750628 -0.00201260    0.04950408 -0.00372541   -0.08681059 -0.05581365
  0.03287204 -0.04102446   -0.08670258 -0.05566596    0.04682728  0.00150371
    2    1
  0.06126317 -0.00592704    0.01750628  0.00201260    0.03287204  0.04102446
  0.01777119  0.00234940    0.04950408  0.00372541   -0.08670258  0.05566596
  0.03308849  0.04134317   -0.08681059  0.05581365    0.04682728 -0.00150371
    2    2
  0.22676593  0.00000000   -0.00178545 -0.01043996   -0.00199748 -0.00298521
 -0.00178545  0.01043996    0.19212688  0.00000000    0.00054508 -0.00163856
 -0.00199748  0.00298521    0.00054508  0.00163856    0.18530439  0.00000000

     Dynamical  Matrix in cartesian axes

     q = (    0.125000000  -0.875000000  -0.625000000 ) 

    1    1
  0.23168154  0.00000000   -0.00175456 -0.01051828   -0.00215690 -0.00309823
 -0.00175456  0.01051828    0.19700801  0.00000000   -0.00032618 -0.00152189
 -0.00215690  0.00309823   -0.00032618  0.00152189    0.18985907  0.00000000
    1    2
  0.06126317 -0.00592704    0.01777119  0.00234940    0.03308849  0.04134317
  0.01750628  0.00201260    0.04950408  0.00372541   -0.08681059  0.05581365
  0.03287204  0.04102446   -0.08670258  0.05566596    0.04682728 -0.00150371
    2    1
  0.06126317  0.00592704    0.01750628 -0.00201260    0.03287204 -0.04102446
  0.01777119 -0.00234940    0.04950408 -0.00372541   -0.08670258 -0.05566596
  0.03308849 -0.04134317   -0.08681059 -0.05581365    0.04682728  0.00150371
    2    2
  0.22676593  0.00000000   -0.00178545  0.01043996   -0.00199748  0.00298521
 -0.00178545 -0.01043996    0.19212688  0.00000000    0.00054508  0.00163856
 -0.00199748 -0.00298521    0.00054508 -0.00163856    0.18530439  0.00000000

     Dynamical  Matrix in cartesian axes

     q = (   -0.125000000  -0.875000000  -0.625000000 ) 

    1    1
  0.23168154  0.00000000    0.00175456 -0.01051828    0.00215690 -0.00309823
  0.00175456  0.01051828    0.19700801  0.00000000   -0.00032618  0.00152189
  0.00215690  0.00309823   -0.00032618 -0.00152189    0.18985907  0.00000000
    1    2
  0.00592704 -0.06126317    0.00234940  0.01777119    0.04134317  0.03308849
  0.00201260  0.01750628   -0.00372541 -0.04950408   -0.05581365  0.08681059
  0.04102446  0.03287204   -0.05566596  0.08670258    0.00150371 -0.04682728
    2    1
  0.00592704  0.06126317    0.00201260 -0.01750628    0.04102446 -0.03287204
  0.00234940 -0.01777119   -0.00372541  0.04950408   -0.05566596 -0.08670258
  0.04134317 -0.03308849   -0.05581365 -0.08681059    0.00150371  0.04682728
    2    2
  0.22676593  0.00000000    0.00178545  0.01043996    0.00199748  0.00298521
  0.00178545 -0.01043996    0.19212688  0.00000000    0.00054508 -0.00163856
  0.00199748 -0.00298521    0.00054508  0.00163856    0.18530439  0.00000000

     Dynamical  Matrix in cartesian axes

     q = (    0.125000000   0.875000000   0.625000000 ) 

    1    1
  0.23168154  0.00000000    0.00175456  0.01051828    0.00215690  0.00309823
  0.00175456 -0.01051828    0.19700801  0.00000000   -0.00032618 -0.00152189
  0.00215690 -0.00309823   -0.00032618  0.00152189    0.18985907  0.00000000
    1    2
  0.00592704  0.06126317    0.00234940 -0.01777119    0.04134317 -0.03308849
  0.00201260 -0.01750628   -0.00372541  0.04950408   -0.05581365 -0.08681059
  0.04102446 -0.03287204   -0.05566596 -0.08670258    0.00150371  0.04682728
    2    1
  0.00592704 -0.06126317    0.00201260  0.01750628    0.04102446  0.03287204
  0.00234940  0.01777119   -0.00372541 -0.04950408   -0.05566596  0.08670258
  0.04134317  0.03308849   -0.05581365  0.08681059    0.00150371 -0.04682728
    2    2
  0.22676593  0.00000000    0.00178545 -0.01043996    0.00199748 -0.00298521
  0.00178545  0.01043996    0.19212688  0.00000000    0.00054508  0.00163856
  0.00199748  0.00298521    0.00054508 -0.00163856    0.18530439  0.00000000

     Dynamical  Matrix in cartesian axes

     q = (    0.125000000  -0.875000000   0.625000000 ) 

    1    1
  0.23168154  0.00000000   -0.00175456  0.01051828    0.00215690 -0.00309823
 -0.00175456 -0.01051828    0.19700801  0.00000000    0.00032618 -0.00152189
  0.00215690  0.00309823    0.00032618  0.00152189    0.18985907  0.00000000
    1    2
 -0.06126317 -0.00592704   -0.01777119  0.00234940    0.03308849 -0.04134317
 -0.01750628  0.00201260   -0.04950408  0.00372541   -0.08681059 -0.05581365
  0.03287204 -0.04102446   -0.08670258 -0.05566596   -0.04682728 -0.00150371
    2    1
 -0.06126317  0.00592704   -0.01750628 -0.00201260    0.03287204  0.04102446
 -0.01777119 -0.00234940   -0.04950408 -0.00372541   -0.08670258  0.05566596
  0.03308849  0.04134317   -0.08681059  0.05581365   -0.04682728  0.00150371
    2    2
  0.22676593  0.00000000   -0.00178545 -0.01043996    0.00199748  0.00298521
 -0.00178545  0.01043996    0.19212688  0.00000000   -0.00054508  0.00163856
  0.00199748 -0.00298521   -0.00054508 -0.00163856    0.18530439  0.00000000

     Dynamical  Matrix in cartesian axes

     q = (   -0.125000000   0.875000000  -0.625000000 ) 

    1    1
  0.23168154  0.00000000   -0.00175456 -0.01051828    0.00215690  0.00309823
 -0.00175456  0.01051828    0.19700801  0.00000000    0.00032618  0.00152189
  0.00215690 -0.00309823    0.00032618 -0.00152189    0.18985907  0.00000000
    1    2
 -0.06126317  0.00592704   -0.01777119 -0.00234940    0.03308849  0.04134317
 -0.01750628 -0.00201260   -0.04950408 -0.00372541   -0.08681059  0.05581365
  0.03287204  0.04102446   -0.08670258  0.05566596   -0.04682728  0.00150371
    2    1
 -0.06126317 -0.00592704   -0.01750628  0.00201260    0.03287204 -0.04102446
 -0.01777119  0.00234940   -0.04950408  0.00372541   -0.08670258 -0.05566596
  0.03308849 -0.04134317   -0.08681059 -0.05581365   -0.04682728 -0.00150371
    2    2
  0.22676593  0.00000000   -0.00178545  0.01043996    0.00199748 -0.00298521
 -0.00178545 -0.01043996    0.19212688  0.00000000   -0.00054508 -0.00163856
  0.00199748  0.00298521   -0.00054508  0.00163856    0.18530439  0.00000000

     Dynamical  Matrix in cartesian axes

     q = (    0.125000000   0.875000000  -0.625000000 ) 

    1    1
  0.23168154 -0.00000000    0.00175456 -0.01051828   -0.00215690  0.00309823
  0.00175456  0.01051828    0.19700801  0.00000000    0.00032618 -0.00152189
 -0.00215690 -0.00309823    0.00032618  0.00152189    0.18985907 -0.00000000
    1    2
 -0.04751066  0.03912855    0.01090485 -0.01422741    0.00583694  0.05263113
  0.01095569 -0.01380193   -0.03237041  0.03763893   -0.10085057  0.02191814
  0.00576463  0.05225271   -0.10066977  0.02194620   -0.03417517  0.03204860
    2    1
 -0.04751066 -0.03912855    0.01095569  0.01380193    0.00576463 -0.05225271
  0.01090485  0.01422741   -0.03237041 -0.03763893   -0.10066977 -0.02194620
  0.00583694 -0.05263113   -0.10085057 -0.02191814   -0.03417517 -0.03204860
    2    2
  0.22676593  0.00000000    0.00178545  0.01043996   -0.00199748 -0.00298521
  0.00178545 -0.01043996    0.19212688  0.00000000   -0.00054508  0.00163856
 -0.00199748  0.00298521   -0.00054508 -0.00163856    0.18530439  0.00000000

     Dynamical  Matrix in cartesian axes

     q = (   -0.125000000  -0.875000000   0.625000000 ) 

    1    1
  0.23168154  0.00000000    0.00175456  0.01051828   -0.00215690 -0.00309823
  0.00175456 -0.01051828    0.19700801 -0.00000000    0.00032618  0.00152189
 -0.00215690  0.00309823    0.00032618 -0.00152189    0.18985907  0.00000000
    1    2
 -0.04751066 -0.03912855    0.01090485  0.01422741    0.00583694 -0.05263113
  0.01095569  0.01380193   -0.03237041 -0.03763893   -0.10085057 -0.02191814
  0.00576463 -0.05225271   -0.10066977 -0.02194620   -0.03417517 -0.03204860
    2    1
 -0.04751066  0.03912855    0.01095569 -0.01380193    0.00576463  0.05225271
  0.01090485 -0.01422741   -0.03237041  0.03763893   -0.10066977  0.02194620
  0.00583694  0.05263113   -0.10085057  0.02191814   -0.03417517  0.03204860
    2    2
  0.22676593  0.00000000    0.00178545 -0.01043996   -0.00199748  0.00298521
  0.00178545  0.01043996    0.19212688  0.00000000   -0.00054508 -0.00163856
 -0.00199748 -0.00298521   -0.00054508  0.00163856    0.18530439  0.00000000

     Dynamical  Matrix in cartesian axes

     q = (    0.625000000   0.875000000  -0.125000000 ) 

    1    1
  0.18985907  0.00000000   -0.00032618 -0.00152189   -0.00215690 -0.00309823
 -0.00032618  0.00152189    0.19700801  0.00000000   -0.00175456 -0.01051828
 -0.00215690  0.00309823   -0.00175456  0.01051828    0.23168154  0.00000000
    1    2
 -0.03417517  0.03204860    0.10066977 -0.02194620    0.00576463  0.05225271
  0.10085057 -0.02191814   -0.03237041  0.03763893   -0.01095569  0.01380193
  0.00583694  0.05263113   -0.01090485  0.01422741   -0.04751066  0.03912855
    2    1
 -0.03417517 -0.03204860    0.10085057  0.02191814    0.00583694 -0.05263113
  0.10066977  0.02194620   -0.03237041 -0.03763893   -0.01090485 -0.01422741
  0.00576463 -0.05225271   -0.01095569 -0.01380193   -0.04751066 -0.03912855
    2    2
  0.18530439  0.00000000    0.00054508  0.00163856   -0.00199748  0.00298521
  0.00054508 -0.00163856    0.19212688  0.00000000   -0.00178545  0.01043996
 -0.00199748 -0.00298521   -0.00178545 -0.01043996    0.22676593  0.00000000

     Dynamical  Matrix in cartesian axes

     q = (   -0.625000000  -0.875000000   0.125000000 ) 

    1    1
  0.18985907  0.00000000   -0.00032618  0.00152189   -0.00215690  0.00309823
 -0.00032618 -0.00152189    0.19700801  0.00000000   -0.00175456  0.01051828
 -0.00215690 -0.00309823   -0.00175456 -0.01051828    0.23168154 -0.00000000
    1    2
 -0.03417517 -0.03204860    0.10066977  0.02194620    0.00576463 -0.05225271
  0.10085057  0.02191814   -0.03237041 -0.03763893   -0.01095569 -0.01380193
  0.00583694 -0.05263113   -0.01090485 -0.01422741   -0.04751066 -0.03912855
    2    1
 -0.03417517  0.03204860    0.10085057 -0.02191814    0.00583694  0.05263113
  0.10066977 -0.02194620   -0.03237041  0.03763893   -0.01090485  0.01422741
  0.00576463  0.05225271   -0.01095569  0.01380193   -0.04751066  0.03912855
    2    2
  0.18530439  0.00000000    0.00054508 -0.00163856   -0.00199748 -0.00298521
  0.00054508  0.00163856    0.19212688  0.00000000   -0.00178545 -0.01043996
 -0.00199748  0.00298521   -0.00178545  0.01043996    0.22676593  0.00000000

     Dynamical  Matrix in cartesian axes

     q = (    0.875000000  -0.625000000   0.125000000 ) 

    1    1
  0.19700801  0.00000000    0.00032618 -0.00152189    0.00175456  0.01051828
  0.00032618  0.00152189    0.18985907  0.00000000   -0.00215690 -0.00309823
  0.00175456 -0.01051828   -0.00215690  0.00309823    0.23168154  0.00000000
    1    2
 -0.00372541 -0.04950408    0.05581365 -0.08681059    0.00201260  0.01750628
  0.05566596 -0.08670258    0.00150371 -0.04682728   -0.04102446 -0.03287204
  0.00234940  0.01777119   -0.04134317 -0.03308849    0.00592704 -0.06126317
    2    1
 -0.00372541  0.04950408    0.05566596  0.08670258    0.00234940 -0.01777119
  0.05581365  0.08681059    0.00150371  0.04682728   -0.04134317  0.03308849
  0.00201260 -0.01750628   -0.04102446  0.03287204    0.00592704  0.06126317
    2    2
  0.19212688  0.00000000   -0.00054508  0.00163856    0.00178545 -0.01043996
 -0.00054508 -0.00163856    0.18530439  0.00000000   -0.00199748  0.00298521
  0.00178545  0.01043996   -0.00199748 -0.00298521    0.22676593  0.00000000

     Dynamical  Matrix in cartesian axes

     q = (   -0.875000000   0.625000000  -0.125000000 ) 

    1    1
  0.19700801  0.00000000    0.00032618  0.00152189    0.00175456 -0.01051828
  0.00032618 -0.00152189    0.18985907  0.00000000   -0.00215690  0.00309823
  0.00175456  0.01051828   -0.00215690 -0.00309823    0.23168154  0.00000000
    1    2
 -0.00372541  0.04950408    0.05581365  0.08681059    0.00201260 -0.01750628
  0.05566596  0.08670258    0.00150371  0.04682728   -0.04102446  0.03287204
  0.00234940 -0.01777119   -0.04134317  0.03308849    0.00592704  0.06126317
    2    1
 -0.00372541 -0.04950408    0.05566596 -0.08670258    0.00234940  0.01777119
  0.05581365 -0.08681059    0.00150371 -0.04682728   -0.04134317 -0.03308849
  0.00201260  0.01750628   -0.04102446 -0.03287204    0.00592704 -0.06126317
    2    2
  0.19212688  0.00000000   -0.00054508 -0.00163856    0.00178545  0.01043996
 -0.00054508  0.00163856    0.18530439  0.00000000   -0.00199748 -0.00298521
  0.00178545 -0.01043996   -0.00199748  0.00298521    0.22676593  0.00000000

     Dynamical  Matrix in cartesian axes

     q = (    0.625000000  -0.875000000   0.125000000 ) 

    1    1
  0.18985907  0.00000000    0.00032618  0.00152189    0.00215690  0.00309823
  0.00032618 -0.00152189    0.19700801  0.00000000   -0.00175456 -0.01051828
  0.00215690 -0.00309823   -0.00175456  0.01051828    0.23168154  0.00000000
    1    2
  0.00150371 -0.04682728    0.05566596 -0.08670258    0.04102446  0.03287204
  0.05581365 -0.08681059   -0.00372541 -0.04950408   -0.00201260 -0.01750628
  0.04134317  0.03308849   -0.00234940 -0.01777119    0.00592704 -0.06126317
    2    1
  0.00150371  0.04682728    0.05581365  0.08681059    0.04134317 -0.03308849
  0.05566596  0.08670258   -0.00372541  0.04950408   -0.00234940  0.01777119
  0.04102446 -0.03287204   -0.00201260  0.01750628    0.00592704  0.06126317
    2    2
  0.18530439  0.00000000   -0.00054508 -0.00163856    0.00199748 -0.00298521
 -0.00054508  0.00163856    0.19212688  0.00000000   -0.00178545  0.01043996
  0.00199748  0.00298521   -0.00178545 -0.01043996    0.22676593  0.00000000

     Dynamical  Matrix in cartesian axes

     q = (   -0.625000000   0.875000000  -0.125000000 ) 

    1    1
  0.18985907  0.00000000    0.00032618 -0.00152189    0.00215690 -0.00309823
  0.00032618  0.00152189    0.19700801  0.00000000   -0.00175456  0.01051828
  0.00215690  0.00309823   -0.00175456 -0.01051828    0.23168154  0.00000000
    1    2
  0.00150371  0.04682728    0.05566596  0.08670258    0.04102446 -0.03287204
  0.05581365  0.08681059   -0.00372541  0.04950408   -0.00201260  0.01750628
  0.04134317 -0.03308849   -0.00234940  0.01777119    0.00592704  0.06126317
    2    1
  0.00150371 -0.04682728    0.05581365 -0.08681059    0.04134317  0.03308849
  0.05566596 -0.08670258   -0.00372541 -0.04950408   -0.00234940 -0.01777119
  0.04102446  0.03287204   -0.00201260 -0.01750628    0.00592704 -0.06126317
    2    2
  0.18530439  0.00000000   -0.00054508  0.00163856    0.00199748  0.00298521
 -0.00054508 -0.00163856    0.19212688  0.00000000   -0.00178545 -0.01043996
  0.00199748 -0.00298521   -0.00178545  0.01043996    0.22676593  0.00000000

     Diagonalizing the dynamical matrix

     q = (    0.625000000  -0.125000000   0.875000000 ) 

 **************************************************************************
     freq (    1) =       2.636531 [THz] =      87.945206 [cm-1]
 ( -0.470480  0.202217  0.018733  0.077609  0.428213 -0.196379 ) 
 ( -0.523621  0.013262 -0.015362 -0.076591  0.478534  0.000000 ) 
     freq (    2) =       4.026959 [THz] =     134.324899 [cm-1]
 (  0.432553  0.148913  0.025336  0.364604  0.345728  0.166214 ) 
 ( -0.461529 -0.050458 -0.182836  0.321618 -0.396948  0.000000 ) 
     freq (    3) =       5.385438 [THz] =     179.638872 [cm-1]
 (  0.134460 -0.154224 -0.448743 -0.300880  0.219550 -0.282888 ) 
 ( -0.222806  0.024479  0.057588 -0.580295 -0.384328  0.000000 ) 
     freq (    4) =       6.096788 [THz] =     203.366944 [cm-1]
 ( -0.357794  0.061156  0.401437  0.231811 -0.369809  0.232179 ) 
 ( -0.314031  0.133987  0.219135 -0.367452 -0.403832  0.000000 ) 
     freq (    5) =       7.361514 [THz] =     245.553660 [cm-1]
 (  0.360760  0.058790  0.247630  0.511398  0.218092 -0.068133 ) 
 (  0.294338 -0.163774  0.081492 -0.553495  0.254730  0.000000 ) 
     freq (    6) =       7.506778 [THz] =     250.399155 [cm-1]
 ( -0.435050  0.178849  0.148351  0.091675  0.385955 -0.332946 ) 
 (  0.451296 -0.161726 -0.050538  0.135568 -0.487608  0.000000 ) 
 **************************************************************************
