Dynamical matrix file
YOU NEED TO PUT HERE SOME TITLE :)                                         
  1    2  2 11.0000000  0.0000000  0.0000000  0.0000000  0.0000000  0.0000000
           1  'Ge  '    66207.3097484883     
    1    1      0.0000000000      0.0000000000      0.0000000000
    2    1     -0.2500000000      0.2500000000      0.2500000000

     Dynamical  Matrix in cartesian axes

     q = (    0.625000000  -0.375000000   0.875000000 ) 

    1    1
  0.19716270  0.00000000   -0.00447887 -0.00121320    0.00112155 -0.00277495
 -0.00447887  0.00121320    0.22265604  0.00000000   -0.00433965  0.00641673
  0.00112155  0.00277495   -0.00433965 -0.00641673    0.20315993  0.00000000
    1    2
 -0.05396658  0.06743729   -0.02063239  0.03947314    0.08280187  0.01244332
 -0.02051046  0.03967491   -0.06321489  0.07313689   -0.03735813 -0.00094301
  0.08293555  0.01227162   -0.03752906 -0.00106334   -0.05412767  0.07992473
    2    1
 -0.05396658 -0.06743729   -0.02051046 -0.03967491    0.08293555 -0.01227162
 -0.02063239 -0.03947314   -0.06321489 -0.07313689   -0.03752906  0.00106334
  0.08280187 -0.01244332   -0.03735813  0.00094301   -0.05412767 -0.07992473
    2    2
  0.19254184  0.00000000   -0.00478557  0.00097104    0.00212277  0.00292688
 -0.00478557 -0.00097104    0.21795917  0.00000000   -0.00502532 -0.00642046
  0.00212277 -0.00292688   -0.00502532  0.00642046    0.19831565  0.00000000

     Dynamical  Matrix in cartesian axes

     q = (   -0.625000000   0.375000000  -0.875000000 ) 

    1    1
  0.19716270  0.00000000   -0.00447887  0.00121320    0.00112155  0.00277495
 -0.00447887 -0.00121320    0.22265604  0.00000000   -0.00433965 -0.00641673
  0.00112155 -0.00277495   -0.00433965  0.00641673    0.20315993 -0.00000000
    1    2
 -0.05396658 -0.06743729   -0.02063239 -0.03947314    0.08280187 -0.01244332
 -0.02051046 -0.03967491   -0.06321489 -0.07313689   -0.03735813  0.00094301
  0.08293555 -0.01227162   -0.03752906  0.00106334   -0.05412767 -0.07992473
    2    1
 -0.05396658  0.06743729   -0.02051046  0.03967491    0.08293555  0.01227162
 -0.02063239  0.03947314   -0.06321489  0.07313689   -0.03752906 -0.00106334
  0.08280187  0.01244332   -0.03735813 -0.00094301   -0.05412767  0.07992473
    2    2
  0.19254184  0.00000000   -0.00478557 -0.00097104    0.00212277 -0.00292688
 -0.00478557  0.00097104    0.21795917  0.00000000   -0.00502532  0.00642046
  0.00212277  0.00292688   -0.00502532 -0.00642046    0.19831565  0.00000000

     Dynamical  Matrix in cartesian axes

     q = (    0.875000000  -0.375000000   0.625000000 ) 

    1    1
  0.20315993  0.00000000   -0.00433965 -0.00641673    0.00112155  0.00277495
 -0.00433965  0.00641673    0.22265604  0.00000000   -0.00447887  0.00121320
  0.00112155 -0.00277495   -0.00447887 -0.00121320    0.19716270  0.00000000
    1    2
 -0.09478936  0.01824127   -0.02578516 -0.02728895    0.04996695  0.06732164
 -0.02574938 -0.02708299   -0.09641527  0.00701591   -0.04255748  0.01355131
  0.04975100  0.06734852   -0.04250103  0.01332242   -0.08584550  0.00952524
    2    1
 -0.09478936 -0.01824127   -0.02574938  0.02708299    0.04975100 -0.06734852
 -0.02578516  0.02728895   -0.09641527 -0.00701591   -0.04250103 -0.01332242
  0.04996695 -0.06732164   -0.04255748 -0.01355131   -0.08584550 -0.00952524
    2    2
  0.19831565  0.00000000   -0.00502532  0.00642046    0.00212277 -0.00292688
 -0.00502532 -0.00642046    0.21795917  0.00000000   -0.00478557 -0.00097104
  0.00212277  0.00292688   -0.00478557  0.00097104    0.19254184 -0.00000000

     Dynamical  Matrix in cartesian axes

     q = (   -0.875000000   0.375000000  -0.625000000 ) 

    1    1
  0.20315993 -0.00000000   -0.00433965  0.00641673    0.00112155 -0.00277495
 -0.00433965 -0.00641673    0.22265604  0.00000000   -0.00447887 -0.00121320
  0.00112155  0.00277495   -0.00447887  0.00121320    0.19716270  0.00000000
    1    2
 -0.09478936 -0.01824127   -0.02578516  0.02728895    0.04996695 -0.06732164
 -0.02574938  0.02708299   -0.09641527 -0.00701591   -0.04255748 -0.01355131
  0.04975100 -0.06734852   -0.04250103 -0.01332242   -0.08584550 -0.00952524
    2    1
 -0.09478936  0.01824127   -0.02574938 -0.02708299    0.04975100  0.06734852
 -0.02578516 -0.02728895   -0.09641527  0.00701591   -0.04250103  0.01332242
  0.04996695  0.06732164   -0.04255748  0.01355131   -0.08584550  0.00952524
    2    2
  0.19831565  0.00000000   -0.00502532 -0.00642046    0.00212277  0.00292688
 -0.00502532  0.00642046    0.21795917  0.00000000   -0.00478557  0.00097104
  0.00212277 -0.00292688   -0.00478557 -0.00097104    0.19254184  0.00000000

     Dynamical  Matrix in cartesian axes

     q = (   -0.625000000  -0.375000000  -0.875000000 ) 

    1    1
  0.19716270  0.00000000    0.00447887  0.00121320    0.00112155 -0.00277495
  0.00447887 -0.00121320    0.22265604  0.00000000    0.00433965 -0.00641673
  0.00112155  0.00277495    0.00433965  0.00641673    0.20315993  0.00000000
    1    2
 -0.08584550  0.00952524    0.04250103 -0.01332242    0.04975100  0.06734852
  0.04255748 -0.01355131   -0.09641527  0.00701591    0.02574938  0.02708299
  0.04996695  0.06732164    0.02578516  0.02728895   -0.09478936  0.01824127
    2    1
 -0.08584550 -0.00952524    0.04255748  0.01355131    0.04996695 -0.06732164
  0.04250103  0.01332242   -0.09641527 -0.00701591    0.02578516 -0.02728895
  0.04975100 -0.06734852    0.02574938 -0.02708299   -0.09478936 -0.01824127
    2    2
  0.19254184  0.00000000    0.00478557 -0.00097104    0.00212277  0.00292688
  0.00478557  0.00097104    0.21795917  0.00000000    0.00502532  0.00642046
  0.00212277 -0.00292688    0.00502532 -0.00642046    0.19831565  0.00000000

     Dynamical  Matrix in cartesian axes

     q = (    0.625000000   0.375000000   0.875000000 ) 

    1    1
  0.19716270  0.00000000    0.00447887 -0.00121320    0.00112155  0.00277495
  0.00447887  0.00121320    0.22265604  0.00000000    0.00433965  0.00641673
  0.00112155 -0.00277495    0.00433965 -0.00641673    0.20315993 -0.00000000
    1    2
 -0.08584550 -0.00952524    0.04250103  0.01332242    0.04975100 -0.06734852
  0.04255748  0.01355131   -0.09641527 -0.00701591    0.02574938 -0.02708299
  0.04996695 -0.06732164    0.02578516 -0.02728895   -0.09478936 -0.01824127
    2    1
 -0.08584550  0.00952524    0.04255748 -0.01355131    0.04996695  0.06732164
  0.04250103 -0.01332242   -0.09641527  0.00701591    0.02578516  0.02728895
  0.04975100  0.06734852    0.02574938  0.02708299   -0.09478936  0.01824127
    2    2
  0.19254184  0.00000000    0.00478557  0.00097104    0.00212277 -0.00292688
  0.00478557 -0.00097104    0.21795917  0.00000000    0.00502532 -0.00642046
  0.00212277  0.00292688    0.00502532  0.00642046    0.19831565  0.00000000

     Dynamical  Matrix in cartesian axes

     q = (   -0.875000000  -0.375000000  -0.625000000 ) 

    1    1
  0.20315993  0.00000000    0.00433965  0.00641673    0.00112155  0.00277495
  0.00433965 -0.00641673    0.22265604 -0.00000000    0.00447887 -0.00121320
  0.00112155 -0.00277495    0.00447887  0.00121320    0.19716270 -0.00000000
    1    2
 -0.05412767  0.07992473    0.03752906  0.00106334    0.08293555  0.01227162
  0.03735813  0.00094301   -0.06321489  0.07313689    0.02051046 -0.03967491
  0.08280187  0.01244332    0.02063239 -0.03947314   -0.05396658  0.06743729
    2    1
 -0.05412767 -0.07992473    0.03735813 -0.00094301    0.08280187 -0.01244332
  0.03752906 -0.00106334   -0.06321489 -0.07313689    0.02063239  0.03947314
  0.08293555 -0.01227162    0.02051046  0.03967491   -0.05396658 -0.06743729
    2    2
  0.19831565  0.00000000    0.00502532 -0.00642046    0.00212277 -0.00292688
  0.00502532  0.00642046    0.21795917  0.00000000    0.00478557  0.00097104
  0.00212277  0.00292688    0.00478557 -0.00097104    0.19254184  0.00000000

     Dynamical  Matrix in cartesian axes

     q = (    0.875000000   0.375000000   0.625000000 ) 

    1    1
  0.20315993 -0.00000000    0.00433965 -0.00641673    0.00112155 -0.00277495
  0.00433965  0.00641673    0.22265604  0.00000000    0.00447887  0.00121320
  0.00112155  0.00277495    0.00447887 -0.00121320    0.19716270  0.00000000
    1    2
 -0.05412767 -0.07992473    0.03752906 -0.00106334    0.08293555 -0.01227162
  0.03735813 -0.00094301   -0.06321489 -0.07313689    0.02051046  0.03967491
  0.08280187 -0.01244332    0.02063239  0.03947314   -0.05396658 -0.06743729
    2    1
 -0.05412767  0.07992473    0.03735813  0.00094301    0.08280187  0.01244332
  0.03752906  0.00106334   -0.06321489  0.07313689    0.02063239 -0.03947314
  0.08293555  0.01227162    0.02051046 -0.03967491   -0.05396658  0.06743729
    2    2
  0.19831565  0.00000000    0.00502532  0.00642046    0.00212277  0.00292688
  0.00502532 -0.00642046    0.21795917  0.00000000    0.00478557 -0.00097104
  0.00212277 -0.00292688    0.00478557  0.00097104    0.19254184  0.00000000

     Dynamical  Matrix in cartesian axes

     q = (   -0.875000000   0.375000000   0.625000000 ) 

    1    1
  0.20315993  0.00000000   -0.00433965 -0.00641673   -0.00112155 -0.00277495
 -0.00433965  0.00641673    0.22265604  0.00000000    0.00447887 -0.00121320
 -0.00112155  0.00277495    0.00447887  0.00121320    0.19716270  0.00000000
    1    2
  0.05412767 -0.07992473    0.03752906  0.00106334    0.08293555  0.01227162
  0.03735813  0.00094301    0.06321489 -0.07313689   -0.02051046  0.03967491
  0.08280187  0.01244332   -0.02063239  0.03947314    0.05396658 -0.06743729
    2    1
  0.05412767  0.07992473    0.03735813 -0.00094301    0.08280187 -0.01244332
  0.03752906 -0.00106334    0.06321489  0.07313689   -0.02063239 -0.03947314
  0.08293555 -0.01227162   -0.02051046 -0.03967491    0.05396658  0.06743729
    2    2
  0.19831565  0.00000000   -0.00502532  0.00642046   -0.00212277  0.00292688
 -0.00502532 -0.00642046    0.21795917  0.00000000    0.00478557  0.00097104
 -0.00212277 -0.00292688    0.00478557 -0.00097104    0.19254184  0.00000000

     Dynamical  Matrix in cartesian axes

     q = (    0.875000000  -0.375000000  -0.625000000 ) 

    1    1
  0.20315993 -0.00000000   -0.00433965  0.00641673   -0.00112155  0.00277495
 -0.00433965 -0.00641673    0.22265604  0.00000000    0.00447887  0.00121320
 -0.00112155 -0.00277495    0.00447887 -0.00121320    0.19716270  0.00000000
    1    2
  0.05412767  0.07992473    0.03752906 -0.00106334    0.08293555 -0.01227162
  0.03735813 -0.00094301    0.06321489  0.07313689   -0.02051046 -0.03967491
  0.08280187 -0.01244332   -0.02063239 -0.03947314    0.05396658  0.06743729
    2    1
  0.05412767 -0.07992473    0.03735813  0.00094301    0.08280187  0.01244332
  0.03752906  0.00106334    0.06321489 -0.07313689   -0.02063239  0.03947314
  0.08293555  0.01227162   -0.02051046  0.03967491    0.05396658 -0.06743729
    2    2
  0.19831565  0.00000000   -0.00502532 -0.00642046   -0.00212277 -0.00292688
 -0.00502532  0.00642046    0.21795917  0.00000000    0.00478557 -0.00097104
 -0.00212277  0.00292688    0.00478557  0.00097104    0.19254184  0.00000000

     Dynamical  Matrix in cartesian axes

     q = (    0.875000000   0.375000000  -0.625000000 ) 

    1    1
  0.20315993  0.00000000    0.00433965  0.00641673   -0.00112155 -0.00277495
  0.00433965 -0.00641673    0.22265604 -0.00000000   -0.00447887  0.00121320
 -0.00112155  0.00277495   -0.00447887 -0.00121320    0.19716270  0.00000000
    1    2
 -0.07992473 -0.05412767   -0.00106334  0.03752906    0.01227162 -0.08293555
 -0.00094301  0.03735813   -0.07313689 -0.06321489   -0.03967491 -0.02051046
  0.01244332 -0.08280187   -0.03947314 -0.02063239   -0.06743729 -0.05396658
    2    1
 -0.07992473  0.05412767   -0.00094301 -0.03735813    0.01244332  0.08280187
 -0.00106334 -0.03752906   -0.07313689  0.06321489   -0.03947314  0.02063239
  0.01227162  0.08293555   -0.03967491  0.02051046   -0.06743729  0.05396658
    2    2
  0.19831565 -0.00000000    0.00502532 -0.00642046   -0.00212277  0.00292688
  0.00502532  0.00642046    0.21795917  0.00000000   -0.00478557 -0.00097104
 -0.00212277 -0.00292688   -0.00478557  0.00097104    0.19254184 -0.00000000

     Dynamical  Matrix in cartesian axes

     q = (   -0.875000000  -0.375000000   0.625000000 ) 

    1    1
  0.20315993 -0.00000000    0.00433965 -0.00641673   -0.00112155  0.00277495
  0.00433965  0.00641673    0.22265604  0.00000000   -0.00447887 -0.00121320
 -0.00112155 -0.00277495   -0.00447887  0.00121320    0.19716270  0.00000000
    1    2
 -0.07992473  0.05412767   -0.00106334 -0.03752906    0.01227162  0.08293555
 -0.00094301 -0.03735813   -0.07313689  0.06321489   -0.03967491  0.02051046
  0.01244332  0.08280187   -0.03947314  0.02063239   -0.06743729  0.05396658
    2    1
 -0.07992473 -0.05412767   -0.00094301  0.03735813    0.01244332 -0.08280187
 -0.00106334  0.03752906   -0.07313689 -0.06321489   -0.03947314 -0.02063239
  0.01227162 -0.08293555   -0.03967491 -0.02051046   -0.06743729 -0.05396658
    2    2
  0.19831565  0.00000000    0.00502532  0.00642046   -0.00212277 -0.00292688
  0.00502532 -0.00642046    0.21795917 -0.00000000   -0.00478557  0.00097104
 -0.00212277  0.00292688   -0.00478557 -0.00097104    0.19254184  0.00000000

     Dynamical  Matrix in cartesian axes

     q = (   -0.625000000   0.375000000   0.875000000 ) 

    1    1
  0.19716270  0.00000000   -0.00447887 -0.00121320   -0.00112155  0.00277495
 -0.00447887  0.00121320    0.22265604  0.00000000    0.00433965 -0.00641673
 -0.00112155 -0.00277495    0.00433965  0.00641673    0.20315993  0.00000000
    1    2
  0.05396658 -0.06743729    0.02063239 -0.03947314    0.08280187  0.01244332
  0.02051046 -0.03967491    0.06321489 -0.07313689   -0.03735813 -0.00094301
  0.08293555  0.01227162   -0.03752906 -0.00106334    0.05412767 -0.07992473
    2    1
  0.05396658  0.06743729    0.02051046  0.03967491    0.08293555 -0.01227162
  0.02063239  0.03947314    0.06321489  0.07313689   -0.03752906  0.00106334
  0.08280187 -0.01244332   -0.03735813  0.00094301    0.05412767  0.07992473
    2    2
  0.19254184  0.00000000   -0.00478557  0.00097104   -0.00212277 -0.00292688
 -0.00478557 -0.00097104    0.21795917  0.00000000    0.00502532  0.00642046
 -0.00212277  0.00292688    0.00502532 -0.00642046    0.19831565  0.00000000

     Dynamical  Matrix in cartesian axes

     q = (    0.625000000  -0.375000000  -0.875000000 ) 

    1    1
  0.19716270  0.00000000   -0.00447887  0.00121320   -0.00112155 -0.00277495
 -0.00447887 -0.00121320    0.22265604  0.00000000    0.00433965  0.00641673
 -0.00112155  0.00277495    0.00433965 -0.00641673    0.20315993 -0.00000000
    1    2
  0.05396658  0.06743729    0.02063239  0.03947314    0.08280187 -0.01244332
  0.02051046  0.03967491    0.06321489  0.07313689   -0.03735813  0.00094301
  0.08293555 -0.01227162   -0.03752906  0.00106334    0.05412767  0.07992473
    2    1
  0.05396658 -0.06743729    0.02051046 -0.03967491    0.08293555  0.01227162
  0.02063239 -0.03947314    0.06321489 -0.07313689   -0.03752906 -0.00106334
  0.08280187  0.01244332   -0.03735813 -0.00094301    0.05412767 -0.07992473
    2    2
  0.19254184  0.00000000   -0.00478557 -0.00097104   -0.00212277  0.00292688
 -0.00478557  0.00097104    0.21795917  0.00000000    0.00502532 -0.00642046
 -0.00212277 -0.00292688    0.00502532  0.00642046    0.19831565  0.00000000

     Dynamical  Matrix in cartesian axes

     q = (    0.625000000   0.375000000  -0.875000000 ) 

    1    1
  0.19716270  0.00000000    0.00447887  0.00121320   -0.00112155  0.00277495
  0.00447887 -0.00121320    0.22265604 -0.00000000   -0.00433965  0.00641673
 -0.00112155 -0.00277495   -0.00433965 -0.00641673    0.20315993  0.00000000
    1    2
 -0.06743729 -0.05396658    0.03947314  0.02063239    0.01244332 -0.08280187
  0.03967491  0.02051046   -0.07313689 -0.06321489    0.00094301 -0.03735813
  0.01227162 -0.08293555    0.00106334 -0.03752906   -0.07992473 -0.05412767
    2    1
 -0.06743729  0.05396658    0.03967491 -0.02051046    0.01227162  0.08293555
  0.03947314 -0.02063239   -0.07313689  0.06321489    0.00106334  0.03752906
  0.01244332  0.08280187    0.00094301  0.03735813   -0.07992473  0.05412767
    2    2
  0.19254184 -0.00000000    0.00478557 -0.00097104   -0.00212277 -0.00292688
  0.00478557  0.00097104    0.21795917  0.00000000   -0.00502532 -0.00642046
 -0.00212277  0.00292688   -0.00502532  0.00642046    0.19831565  0.00000000

     Dynamical  Matrix in cartesian axes

     q = (   -0.625000000  -0.375000000   0.875000000 ) 

    1    1
  0.19716270 -0.00000000    0.00447887 -0.00121320   -0.00112155 -0.00277495
  0.00447887  0.00121320    0.22265604  0.00000000   -0.00433965 -0.00641673
 -0.00112155  0.00277495   -0.00433965  0.00641673    0.20315993 -0.00000000
    1    2
 -0.06743729  0.05396658    0.03947314 -0.02063239    0.01244332  0.08280187
  0.03967491 -0.02051046   -0.07313689  0.06321489    0.00094301  0.03735813
  0.01227162  0.08293555    0.00106334  0.03752906   -0.07992473  0.05412767
    2    1
 -0.06743729 -0.05396658    0.03967491  0.02051046    0.01227162 -0.08293555
  0.03947314  0.02063239   -0.07313689 -0.06321489    0.00106334 -0.03752906
  0.01244332 -0.08280187    0.00094301 -0.03735813   -0.07992473 -0.05412767
    2    2
  0.19254184  0.00000000    0.00478557  0.00097104   -0.00212277  0.00292688
  0.00478557 -0.00097104    0.21795917 -0.00000000   -0.00502532  0.00642046
 -0.00212277 -0.00292688   -0.00502532 -0.00642046    0.19831565  0.00000000

     Dynamical  Matrix in cartesian axes

     q = (    0.875000000   0.625000000  -0.375000000 ) 

    1    1
  0.20315993  0.00000000    0.00112155  0.00277495   -0.00433965 -0.00641673
  0.00112155 -0.00277495    0.19716270  0.00000000   -0.00447887 -0.00121320
 -0.00433965  0.00641673   -0.00447887  0.00121320    0.22265604 -0.00000000
    1    2
 -0.09478936  0.01824127    0.04996695  0.06732164   -0.02578516 -0.02728895
  0.04975100  0.06734852   -0.08584550  0.00952524   -0.04250103  0.01332242
 -0.02574938 -0.02708299   -0.04255748  0.01355131   -0.09641527  0.00701591
    2    1
 -0.09478936 -0.01824127    0.04975100 -0.06734852   -0.02574938  0.02708299
  0.04996695 -0.06732164   -0.08584550 -0.00952524   -0.04255748 -0.01355131
 -0.02578516  0.02728895   -0.04250103 -0.01332242   -0.09641527 -0.00701591
    2    2
  0.19831565  0.00000000    0.00212277 -0.00292688   -0.00502532  0.00642046
  0.00212277  0.00292688    0.19254184 -0.00000000   -0.00478557  0.00097104
 -0.00502532 -0.00642046   -0.00478557 -0.00097104    0.21795917  0.00000000

     Dynamical  Matrix in cartesian axes

     q = (   -0.875000000  -0.625000000   0.375000000 ) 

    1    1
  0.20315993 -0.00000000    0.00112155 -0.00277495   -0.00433965  0.00641673
  0.00112155  0.00277495    0.19716270 -0.00000000   -0.00447887  0.00121320
 -0.00433965 -0.00641673   -0.00447887 -0.00121320    0.22265604  0.00000000
    1    2
 -0.09478936 -0.01824127    0.04996695 -0.06732164   -0.02578516  0.02728895
  0.04975100 -0.06734852   -0.08584550 -0.00952524   -0.04250103 -0.01332242
 -0.02574938  0.02708299   -0.04255748 -0.01355131   -0.09641527 -0.00701591
    2    1
 -0.09478936  0.01824127    0.04975100  0.06734852   -0.02574938 -0.02708299
  0.04996695  0.06732164   -0.08584550  0.00952524   -0.04255748  0.01355131
 -0.02578516 -0.02728895   -0.04250103  0.01332242   -0.09641527  0.00701591
    2    2
  0.19831565  0.00000000    0.00212277  0.00292688   -0.00502532 -0.00642046
  0.00212277 -0.00292688    0.19254184  0.00000000   -0.00478557 -0.00097104
 -0.00502532  0.00642046   -0.00478557  0.00097104    0.21795917  0.00000000

     Dynamical  Matrix in cartesian axes

     q = (   -0.625000000  -0.875000000  -0.375000000 ) 

    1    1
  0.19716270  0.00000000    0.00112155 -0.00277495    0.00447887  0.00121320
  0.00112155  0.00277495    0.20315993  0.00000000    0.00433965  0.00641673
  0.00447887 -0.00121320    0.00433965 -0.00641673    0.22265604  0.00000000
    1    2
 -0.08584550  0.00952524    0.04975100  0.06734852    0.04250103 -0.01332242
  0.04996695  0.06732164   -0.09478936  0.01824127    0.02578516  0.02728895
  0.04255748 -0.01355131    0.02574938  0.02708299   -0.09641527  0.00701591
    2    1
 -0.08584550 -0.00952524    0.04996695 -0.06732164    0.04255748  0.01355131
  0.04975100 -0.06734852   -0.09478936 -0.01824127    0.02574938 -0.02708299
  0.04250103  0.01332242    0.02578516 -0.02728895   -0.09641527 -0.00701591
    2    2
  0.19254184 -0.00000000    0.00212277  0.00292688    0.00478557 -0.00097104
  0.00212277 -0.00292688    0.19831565 -0.00000000    0.00502532 -0.00642046
  0.00478557  0.00097104    0.00502532  0.00642046    0.21795917 -0.00000000

     Dynamical  Matrix in cartesian axes

     q = (    0.625000000   0.875000000   0.375000000 ) 

    1    1
  0.19716270  0.00000000    0.00112155  0.00277495    0.00447887 -0.00121320
  0.00112155 -0.00277495    0.20315993 -0.00000000    0.00433965 -0.00641673
  0.00447887  0.00121320    0.00433965  0.00641673    0.22265604  0.00000000
    1    2
 -0.08584550 -0.00952524    0.04975100 -0.06734852    0.04250103  0.01332242
  0.04996695 -0.06732164   -0.09478936 -0.01824127    0.02578516 -0.02728895
  0.04255748  0.01355131    0.02574938 -0.02708299   -0.09641527 -0.00701591
    2    1
 -0.08584550  0.00952524    0.04996695  0.06732164    0.04255748 -0.01355131
  0.04975100  0.06734852   -0.09478936  0.01824127    0.02574938  0.02708299
  0.04250103 -0.01332242    0.02578516  0.02728895   -0.09641527  0.00701591
    2    2
  0.19254184  0.00000000    0.00212277 -0.00292688    0.00478557  0.00097104
  0.00212277  0.00292688    0.19831565  0.00000000    0.00502532  0.00642046
  0.00478557 -0.00097104    0.00502532 -0.00642046    0.21795917  0.00000000

     Dynamical  Matrix in cartesian axes

     q = (   -0.875000000  -0.625000000  -0.375000000 ) 

    1    1
  0.20315993  0.00000000    0.00112155  0.00277495    0.00433965  0.00641673
  0.00112155 -0.00277495    0.19716270  0.00000000    0.00447887  0.00121320
  0.00433965 -0.00641673    0.00447887 -0.00121320    0.22265604  0.00000000
    1    2
 -0.05412767  0.07992473    0.08293555  0.01227162    0.03752906  0.00106334
  0.08280187  0.01244332   -0.05396658  0.06743729    0.02063239 -0.03947314
  0.03735813  0.00094301    0.02051046 -0.03967491   -0.06321489  0.07313689
    2    1
 -0.05412767 -0.07992473    0.08280187 -0.01244332    0.03735813 -0.00094301
  0.08293555 -0.01227162   -0.05396658 -0.06743729    0.02051046  0.03967491
  0.03752906 -0.00106334    0.02063239  0.03947314   -0.06321489 -0.07313689
    2    2
  0.19831565 -0.00000000    0.00212277 -0.00292688    0.00502532 -0.00642046
  0.00212277  0.00292688    0.19254184 -0.00000000    0.00478557 -0.00097104
  0.00502532  0.00642046    0.00478557  0.00097104    0.21795917 -0.00000000

     Dynamical  Matrix in cartesian axes

     q = (    0.875000000   0.625000000   0.375000000 ) 

    1    1
  0.20315993 -0.00000000    0.00112155 -0.00277495    0.00433965 -0.00641673
  0.00112155  0.00277495    0.19716270  0.00000000    0.00447887 -0.00121320
  0.00433965  0.00641673    0.00447887  0.00121320    0.22265604  0.00000000
    1    2
 -0.05412767 -0.07992473    0.08293555 -0.01227162    0.03752906 -0.00106334
  0.08280187 -0.01244332   -0.05396658 -0.06743729    0.02063239  0.03947314
  0.03735813 -0.00094301    0.02051046  0.03967491   -0.06321489 -0.07313689
    2    1
 -0.05412767  0.07992473    0.08280187  0.01244332    0.03735813  0.00094301
  0.08293555  0.01227162   -0.05396658  0.06743729    0.02051046 -0.03967491
  0.03752906  0.00106334    0.02063239 -0.03947314   -0.06321489  0.07313689
    2    2
  0.19831565  0.00000000    0.00212277  0.00292688    0.00502532  0.00642046
  0.00212277 -0.00292688    0.19254184  0.00000000    0.00478557  0.00097104
  0.00502532 -0.00642046    0.00478557 -0.00097104    0.21795917  0.00000000

     Dynamical  Matrix in cartesian axes

     q = (   -0.875000000   0.625000000   0.375000000 ) 

    1    1
  0.20315993  0.00000000   -0.00112155 -0.00277495   -0.00433965 -0.00641673
 -0.00112155  0.00277495    0.19716270  0.00000000    0.00447887  0.00121320
 -0.00433965  0.00641673    0.00447887 -0.00121320    0.22265604  0.00000000
    1    2
  0.05412767 -0.07992473    0.08293555  0.01227162    0.03752906  0.00106334
  0.08280187  0.01244332    0.05396658 -0.06743729   -0.02063239  0.03947314
  0.03735813  0.00094301   -0.02051046  0.03967491    0.06321489 -0.07313689
    2    1
  0.05412767  0.07992473    0.08280187 -0.01244332    0.03735813 -0.00094301
  0.08293555 -0.01227162    0.05396658  0.06743729   -0.02051046 -0.03967491
  0.03752906 -0.00106334   -0.02063239 -0.03947314    0.06321489  0.07313689
    2    2
  0.19831565  0.00000000   -0.00212277  0.00292688   -0.00502532  0.00642046
 -0.00212277 -0.00292688    0.19254184  0.00000000    0.00478557 -0.00097104
 -0.00502532 -0.00642046    0.00478557  0.00097104    0.21795917  0.00000000

     Dynamical  Matrix in cartesian axes

     q = (    0.875000000  -0.625000000  -0.375000000 ) 

    1    1
  0.20315993 -0.00000000   -0.00112155  0.00277495   -0.00433965  0.00641673
 -0.00112155 -0.00277495    0.19716270  0.00000000    0.00447887 -0.00121320
 -0.00433965 -0.00641673    0.00447887  0.00121320    0.22265604  0.00000000
    1    2
  0.05412767  0.07992473    0.08293555 -0.01227162    0.03752906 -0.00106334
  0.08280187 -0.01244332    0.05396658  0.06743729   -0.02063239 -0.03947314
  0.03735813 -0.00094301   -0.02051046 -0.03967491    0.06321489  0.07313689
    2    1
  0.05412767 -0.07992473    0.08280187  0.01244332    0.03735813  0.00094301
  0.08293555  0.01227162    0.05396658 -0.06743729   -0.02051046  0.03967491
  0.03752906  0.00106334   -0.02063239  0.03947314    0.06321489 -0.07313689
    2    2
  0.19831565  0.00000000   -0.00212277 -0.00292688   -0.00502532 -0.00642046
 -0.00212277  0.00292688    0.19254184  0.00000000    0.00478557  0.00097104
 -0.00502532  0.00642046    0.00478557 -0.00097104    0.21795917  0.00000000

     Dynamical  Matrix in cartesian axes

     q = (   -0.625000000   0.875000000   0.375000000 ) 

    1    1
  0.19716270  0.00000000   -0.00112155  0.00277495   -0.00447887 -0.00121320
 -0.00112155 -0.00277495    0.20315993  0.00000000    0.00433965  0.00641673
 -0.00447887  0.00121320    0.00433965 -0.00641673    0.22265604  0.00000000
    1    2
  0.05396658 -0.06743729    0.08280187  0.01244332    0.02063239 -0.03947314
  0.08293555  0.01227162    0.05412767 -0.07992473   -0.03752906 -0.00106334
  0.02051046 -0.03967491   -0.03735813 -0.00094301    0.06321489 -0.07313689
    2    1
  0.05396658  0.06743729    0.08293555 -0.01227162    0.02051046  0.03967491
  0.08280187 -0.01244332    0.05412767  0.07992473   -0.03735813  0.00094301
  0.02063239  0.03947314   -0.03752906  0.00106334    0.06321489  0.07313689
    2    2
  0.19254184  0.00000000   -0.00212277 -0.00292688   -0.00478557  0.00097104
 -0.00212277  0.00292688    0.19831565  0.00000000    0.00502532 -0.00642046
 -0.00478557 -0.00097104    0.00502532  0.00642046    0.21795917  0.00000000

     Dynamical  Matrix in cartesian axes

     q = (    0.625000000  -0.875000000  -0.375000000 ) 

    1    1
  0.19716270  0.00000000   -0.00112155 -0.00277495   -0.00447887  0.00121320
 -0.00112155  0.00277495    0.20315993 -0.00000000    0.00433965 -0.00641673
 -0.00447887 -0.00121320    0.00433965  0.00641673    0.22265604  0.00000000
    1    2
  0.05396658  0.06743729    0.08280187 -0.01244332    0.02063239  0.03947314
  0.08293555 -0.01227162    0.05412767  0.07992473   -0.03752906  0.00106334
  0.02051046  0.03967491   -0.03735813  0.00094301    0.06321489  0.07313689
    2    1
  0.05396658 -0.06743729    0.08293555  0.01227162    0.02051046 -0.03967491
  0.08280187  0.01244332    0.05412767 -0.07992473   -0.03735813 -0.00094301
  0.02063239 -0.03947314   -0.03752906 -0.00106334    0.06321489 -0.07313689
    2    2
  0.19254184  0.00000000   -0.00212277  0.00292688   -0.00478557 -0.00097104
 -0.00212277 -0.00292688    0.19831565  0.00000000    0.00502532  0.00642046
 -0.00478557  0.00097104    0.00502532 -0.00642046    0.21795917  0.00000000

     Dynamical  Matrix in cartesian axes

     q = (   -0.375000000   0.625000000   0.875000000 ) 

    1    1
  0.22265604  0.00000000   -0.00447887  0.00121320   -0.00433965  0.00641673
 -0.00447887 -0.00121320    0.19716270  0.00000000    0.00112155 -0.00277495
 -0.00433965 -0.00641673    0.00112155  0.00277495    0.20315993  0.00000000
    1    2
  0.06321489 -0.07313689    0.02051046 -0.03967491    0.03735813  0.00094301
  0.02063239 -0.03947314    0.05396658 -0.06743729   -0.08280187 -0.01244332
  0.03752906  0.00106334   -0.08293555 -0.01227162    0.05412767 -0.07992473
    2    1
  0.06321489  0.07313689    0.02063239  0.03947314    0.03752906 -0.00106334
  0.02051046  0.03967491    0.05396658  0.06743729   -0.08293555  0.01227162
  0.03735813 -0.00094301   -0.08280187  0.01244332    0.05412767  0.07992473
    2    2
  0.21795917  0.00000000   -0.00478557 -0.00097104   -0.00502532 -0.00642046
 -0.00478557  0.00097104    0.19254184  0.00000000    0.00212277  0.00292688
 -0.00502532  0.00642046    0.00212277 -0.00292688    0.19831565  0.00000000

     Dynamical  Matrix in cartesian axes

     q = (    0.375000000  -0.625000000  -0.875000000 ) 

    1    1
  0.22265604  0.00000000   -0.00447887 -0.00121320   -0.00433965 -0.00641673
 -0.00447887  0.00121320    0.19716270  0.00000000    0.00112155  0.00277495
 -0.00433965  0.00641673    0.00112155 -0.00277495    0.20315993 -0.00000000
    1    2
  0.06321489  0.07313689    0.02051046  0.03967491    0.03735813 -0.00094301
  0.02063239  0.03947314    0.05396658  0.06743729   -0.08280187  0.01244332
  0.03752906 -0.00106334   -0.08293555  0.01227162    0.05412767  0.07992473
    2    1
  0.06321489 -0.07313689    0.02063239 -0.03947314    0.03752906  0.00106334
  0.02051046 -0.03967491    0.05396658 -0.06743729   -0.08293555 -0.01227162
  0.03735813  0.00094301   -0.08280187 -0.01244332    0.05412767 -0.07992473
    2    2
  0.21795917  0.00000000   -0.00478557  0.00097104   -0.00502532  0.00642046
 -0.00478557 -0.00097104    0.19254184  0.00000000    0.00212277 -0.00292688
 -0.00502532 -0.00642046    0.00212277  0.00292688    0.19831565  0.00000000

     Dynamical  Matrix in cartesian axes

     q = (    0.375000000   0.625000000  -0.875000000 ) 

    1    1
  0.22265604 -0.00000000    0.00447887 -0.00121320   -0.00433965  0.00641673
  0.00447887  0.00121320    0.19716270  0.00000000   -0.00112155  0.00277495
 -0.00433965 -0.00641673   -0.00112155 -0.00277495    0.20315993  0.00000000
    1    2
 -0.09641527  0.00701591    0.04255748 -0.01355131   -0.02574938 -0.02708299
  0.04250103 -0.01332242   -0.08584550  0.00952524   -0.04975100 -0.06734852
 -0.02578516 -0.02728895   -0.04996695 -0.06732164   -0.09478936  0.01824127
    2    1
 -0.09641527 -0.00701591    0.04250103  0.01332242   -0.02578516  0.02728895
  0.04255748  0.01355131   -0.08584550 -0.00952524   -0.04996695  0.06732164
 -0.02574938  0.02708299   -0.04975100  0.06734852   -0.09478936 -0.01824127
    2    2
  0.21795917  0.00000000    0.00478557  0.00097104   -0.00502532 -0.00642046
  0.00478557 -0.00097104    0.19254184 -0.00000000   -0.00212277 -0.00292688
 -0.00502532  0.00642046   -0.00212277  0.00292688    0.19831565  0.00000000

     Dynamical  Matrix in cartesian axes

     q = (   -0.375000000  -0.625000000   0.875000000 ) 

    1    1
  0.22265604  0.00000000    0.00447887  0.00121320   -0.00433965 -0.00641673
  0.00447887 -0.00121320    0.19716270 -0.00000000   -0.00112155 -0.00277495
 -0.00433965  0.00641673   -0.00112155  0.00277495    0.20315993 -0.00000000
    1    2
 -0.09641527 -0.00701591    0.04255748  0.01355131   -0.02574938  0.02708299
  0.04250103  0.01332242   -0.08584550 -0.00952524   -0.04975100  0.06734852
 -0.02578516  0.02728895   -0.04996695  0.06732164   -0.09478936 -0.01824127
    2    1
 -0.09641527  0.00701591    0.04250103 -0.01332242   -0.02578516 -0.02728895
  0.04255748 -0.01355131   -0.08584550  0.00952524   -0.04996695 -0.06732164
 -0.02574938 -0.02708299   -0.04975100 -0.06734852   -0.09478936  0.01824127
    2    2
  0.21795917 -0.00000000    0.00478557 -0.00097104   -0.00502532  0.00642046
  0.00478557  0.00097104    0.19254184  0.00000000   -0.00212277  0.00292688
 -0.00502532 -0.00642046   -0.00212277 -0.00292688    0.19831565  0.00000000

     Dynamical  Matrix in cartesian axes

     q = (   -0.375000000  -0.625000000  -0.875000000 ) 

    1    1
  0.22265604  0.00000000    0.00447887 -0.00121320    0.00433965 -0.00641673
  0.00447887  0.00121320    0.19716270  0.00000000    0.00112155 -0.00277495
  0.00433965  0.00641673    0.00112155  0.00277495    0.20315993  0.00000000
    1    2
 -0.07313689 -0.06321489    0.03967491  0.02051046   -0.00094301  0.03735813
  0.03947314  0.02063239   -0.06743729 -0.05396658   -0.01244332  0.08280187
 -0.00106334  0.03752906   -0.01227162  0.08293555   -0.07992473 -0.05412767
    2    1
 -0.07313689  0.06321489    0.03947314 -0.02063239   -0.00106334 -0.03752906
  0.03967491 -0.02051046   -0.06743729  0.05396658   -0.01227162 -0.08293555
 -0.00094301 -0.03735813   -0.01244332 -0.08280187   -0.07992473  0.05412767
    2    2
  0.21795917  0.00000000    0.00478557  0.00097104    0.00502532  0.00642046
  0.00478557 -0.00097104    0.19254184  0.00000000    0.00212277  0.00292688
  0.00502532 -0.00642046    0.00212277 -0.00292688    0.19831565  0.00000000

     Dynamical  Matrix in cartesian axes

     q = (    0.375000000   0.625000000   0.875000000 ) 

    1    1
  0.22265604  0.00000000    0.00447887  0.00121320    0.00433965  0.00641673
  0.00447887 -0.00121320    0.19716270  0.00000000    0.00112155  0.00277495
  0.00433965 -0.00641673    0.00112155 -0.00277495    0.20315993 -0.00000000
    1    2
 -0.07313689  0.06321489    0.03967491 -0.02051046   -0.00094301 -0.03735813
  0.03947314 -0.02063239   -0.06743729  0.05396658   -0.01244332 -0.08280187
 -0.00106334 -0.03752906   -0.01227162 -0.08293555   -0.07992473  0.05412767
    2    1
 -0.07313689 -0.06321489    0.03947314  0.02063239   -0.00106334  0.03752906
  0.03967491  0.02051046   -0.06743729 -0.05396658   -0.01227162  0.08293555
 -0.00094301  0.03735813   -0.01244332  0.08280187   -0.07992473 -0.05412767
    2    2
  0.21795917  0.00000000    0.00478557 -0.00097104    0.00502532 -0.00642046
  0.00478557  0.00097104    0.19254184  0.00000000    0.00212277 -0.00292688
  0.00502532  0.00642046    0.00212277  0.00292688    0.19831565  0.00000000

     Dynamical  Matrix in cartesian axes

     q = (    0.375000000  -0.625000000   0.875000000 ) 

    1    1
  0.22265604  0.00000000   -0.00447887  0.00121320    0.00433965 -0.00641673
 -0.00447887 -0.00121320    0.19716270  0.00000000   -0.00112155  0.00277495
  0.00433965  0.00641673   -0.00112155 -0.00277495    0.20315993  0.00000000
    1    2
 -0.06321489  0.07313689   -0.02051046  0.03967491    0.03735813  0.00094301
 -0.02063239  0.03947314   -0.05396658  0.06743729   -0.08280187 -0.01244332
  0.03752906  0.00106334   -0.08293555 -0.01227162   -0.05412767  0.07992473
    2    1
 -0.06321489 -0.07313689   -0.02063239 -0.03947314    0.03752906 -0.00106334
 -0.02051046 -0.03967491   -0.05396658 -0.06743729   -0.08293555  0.01227162
  0.03735813 -0.00094301   -0.08280187  0.01244332   -0.05412767 -0.07992473
    2    2
  0.21795917  0.00000000   -0.00478557 -0.00097104    0.00502532  0.00642046
 -0.00478557  0.00097104    0.19254184  0.00000000   -0.00212277 -0.00292688
  0.00502532 -0.00642046   -0.00212277  0.00292688    0.19831565  0.00000000

     Dynamical  Matrix in cartesian axes

     q = (   -0.375000000   0.625000000  -0.875000000 ) 

    1    1
  0.22265604  0.00000000   -0.00447887 -0.00121320    0.00433965  0.00641673
 -0.00447887  0.00121320    0.19716270  0.00000000   -0.00112155 -0.00277495
  0.00433965 -0.00641673   -0.00112155  0.00277495    0.20315993 -0.00000000
    1    2
 -0.06321489 -0.07313689   -0.02051046 -0.03967491    0.03735813 -0.00094301
 -0.02063239 -0.03947314   -0.05396658 -0.06743729   -0.08280187  0.01244332
  0.03752906 -0.00106334   -0.08293555  0.01227162   -0.05412767 -0.07992473
    2    1
 -0.06321489  0.07313689   -0.02063239  0.03947314    0.03752906  0.00106334
 -0.02051046  0.03967491   -0.05396658  0.06743729   -0.08293555 -0.01227162
  0.03735813  0.00094301   -0.08280187 -0.01244332   -0.05412767  0.07992473
    2    2
  0.21795917  0.00000000   -0.00478557  0.00097104    0.00502532 -0.00642046
 -0.00478557 -0.00097104    0.19254184  0.00000000   -0.00212277  0.00292688
  0.00502532  0.00642046   -0.00212277 -0.00292688    0.19831565  0.00000000

     Dynamical  Matrix in cartesian axes

     q = (   -0.375000000   0.875000000   0.625000000 ) 

    1    1
  0.22265604  0.00000000   -0.00433965  0.00641673   -0.00447887  0.00121320
 -0.00433965 -0.00641673    0.20315993  0.00000000    0.00112155  0.00277495
 -0.00447887 -0.00121320    0.00112155 -0.00277495    0.19716270  0.00000000
    1    2
  0.06321489 -0.07313689    0.03735813  0.00094301    0.02051046 -0.03967491
  0.03752906  0.00106334    0.05412767 -0.07992473   -0.08293555 -0.01227162
  0.02063239 -0.03947314   -0.08280187 -0.01244332    0.05396658 -0.06743729
    2    1
  0.06321489  0.07313689    0.03752906 -0.00106334    0.02063239  0.03947314
  0.03735813 -0.00094301    0.05412767  0.07992473   -0.08280187  0.01244332
  0.02051046  0.03967491   -0.08293555  0.01227162    0.05396658  0.06743729
    2    2
  0.21795917  0.00000000   -0.00502532 -0.00642046   -0.00478557 -0.00097104
 -0.00502532  0.00642046    0.19831565  0.00000000    0.00212277 -0.00292688
 -0.00478557  0.00097104    0.00212277  0.00292688    0.19254184  0.00000000

     Dynamical  Matrix in cartesian axes

     q = (    0.375000000  -0.875000000  -0.625000000 ) 

    1    1
  0.22265604  0.00000000   -0.00433965 -0.00641673   -0.00447887 -0.00121320
 -0.00433965  0.00641673    0.20315993 -0.00000000    0.00112155 -0.00277495
 -0.00447887  0.00121320    0.00112155  0.00277495    0.19716270  0.00000000
    1    2
  0.06321489  0.07313689    0.03735813 -0.00094301    0.02051046  0.03967491
  0.03752906 -0.00106334    0.05412767  0.07992473   -0.08293555  0.01227162
  0.02063239  0.03947314   -0.08280187  0.01244332    0.05396658  0.06743729
    2    1
  0.06321489 -0.07313689    0.03752906  0.00106334    0.02063239 -0.03947314
  0.03735813  0.00094301    0.05412767 -0.07992473   -0.08280187 -0.01244332
  0.02051046 -0.03967491   -0.08293555 -0.01227162    0.05396658 -0.06743729
    2    2
  0.21795917  0.00000000   -0.00502532  0.00642046   -0.00478557  0.00097104
 -0.00502532 -0.00642046    0.19831565  0.00000000    0.00212277  0.00292688
 -0.00478557 -0.00097104    0.00212277 -0.00292688    0.19254184  0.00000000

     Dynamical  Matrix in cartesian axes

     q = (   -0.375000000  -0.875000000  -0.625000000 ) 

    1    1
  0.22265604 -0.00000000    0.00433965 -0.00641673    0.00447887 -0.00121320
  0.00433965  0.00641673    0.20315993  0.00000000    0.00112155  0.00277495
  0.00447887  0.00121320    0.00112155 -0.00277495    0.19716270 -0.00000000
    1    2
 -0.07313689 -0.06321489   -0.00094301  0.03735813    0.03967491  0.02051046
 -0.00106334  0.03752906   -0.07992473 -0.05412767   -0.01227162  0.08293555
  0.03947314  0.02063239   -0.01244332  0.08280187   -0.06743729 -0.05396658
    2    1
 -0.07313689  0.06321489   -0.00106334 -0.03752906    0.03947314 -0.02063239
 -0.00094301 -0.03735813   -0.07992473  0.05412767   -0.01244332 -0.08280187
  0.03967491 -0.02051046   -0.01227162 -0.08293555   -0.06743729  0.05396658
    2    2
  0.21795917  0.00000000    0.00502532  0.00642046    0.00478557  0.00097104
  0.00502532 -0.00642046    0.19831565  0.00000000    0.00212277 -0.00292688
  0.00478557 -0.00097104    0.00212277  0.00292688    0.19254184  0.00000000

     Dynamical  Matrix in cartesian axes

     q = (    0.375000000   0.875000000   0.625000000 ) 

    1    1
  0.22265604  0.00000000    0.00433965  0.00641673    0.00447887  0.00121320
  0.00433965 -0.00641673    0.20315993 -0.00000000    0.00112155 -0.00277495
  0.00447887 -0.00121320    0.00112155  0.00277495    0.19716270  0.00000000
    1    2
 -0.07313689  0.06321489   -0.00094301 -0.03735813    0.03967491 -0.02051046
 -0.00106334 -0.03752906   -0.07992473  0.05412767   -0.01227162 -0.08293555
  0.03947314 -0.02063239   -0.01244332 -0.08280187   -0.06743729  0.05396658
    2    1
 -0.07313689 -0.06321489   -0.00106334  0.03752906    0.03947314  0.02063239
 -0.00094301  0.03735813   -0.07992473 -0.05412767   -0.01244332  0.08280187
  0.03967491  0.02051046   -0.01227162  0.08293555   -0.06743729 -0.05396658
    2    2
  0.21795917  0.00000000    0.00502532 -0.00642046    0.00478557 -0.00097104
  0.00502532  0.00642046    0.19831565  0.00000000    0.00212277  0.00292688
  0.00478557  0.00097104    0.00212277 -0.00292688    0.19254184  0.00000000

     Dynamical  Matrix in cartesian axes

     q = (    0.375000000  -0.875000000   0.625000000 ) 

    1    1
  0.22265604  0.00000000   -0.00433965  0.00641673    0.00447887 -0.00121320
 -0.00433965 -0.00641673    0.20315993  0.00000000   -0.00112155 -0.00277495
  0.00447887  0.00121320   -0.00112155  0.00277495    0.19716270  0.00000000
    1    2
 -0.09641527  0.00701591   -0.02574938 -0.02708299    0.04255748 -0.01355131
 -0.02578516 -0.02728895   -0.09478936  0.01824127   -0.04996695 -0.06732164
  0.04250103 -0.01332242   -0.04975100 -0.06734852   -0.08584550  0.00952524
    2    1
 -0.09641527 -0.00701591   -0.02578516  0.02728895    0.04250103  0.01332242
 -0.02574938  0.02708299   -0.09478936 -0.01824127   -0.04975100  0.06734852
  0.04255748  0.01355131   -0.04996695  0.06732164   -0.08584550 -0.00952524
    2    2
  0.21795917  0.00000000   -0.00502532 -0.00642046    0.00478557  0.00097104
 -0.00502532  0.00642046    0.19831565  0.00000000   -0.00212277  0.00292688
  0.00478557 -0.00097104   -0.00212277 -0.00292688    0.19254184  0.00000000

     Dynamical  Matrix in cartesian axes

     q = (   -0.375000000   0.875000000  -0.625000000 ) 

    1    1
  0.22265604  0.00000000   -0.00433965 -0.00641673    0.00447887  0.00121320
 -0.00433965  0.00641673    0.20315993 -0.00000000   -0.00112155  0.00277495
  0.00447887 -0.00121320   -0.00112155 -0.00277495    0.19716270  0.00000000
    1    2
 -0.09641527 -0.00701591   -0.02574938  0.02708299    0.04255748  0.01355131
 -0.02578516  0.02728895   -0.09478936 -0.01824127   -0.04996695  0.06732164
  0.04250103  0.01332242   -0.04975100  0.06734852   -0.08584550 -0.00952524
    2    1
 -0.09641527  0.00701591   -0.02578516 -0.02728895    0.04250103 -0.01332242
 -0.02574938 -0.02708299   -0.09478936  0.01824127   -0.04975100 -0.06734852
  0.04255748 -0.01355131   -0.04996695 -0.06732164   -0.08584550  0.00952524
    2    2
  0.21795917  0.00000000   -0.00502532  0.00642046    0.00478557 -0.00097104
 -0.00502532 -0.00642046    0.19831565  0.00000000   -0.00212277 -0.00292688
  0.00478557  0.00097104   -0.00212277  0.00292688    0.19254184  0.00000000

     Dynamical  Matrix in cartesian axes

     q = (    0.375000000   0.875000000  -0.625000000 ) 

    1    1
  0.22265604 -0.00000000    0.00433965 -0.00641673   -0.00447887  0.00121320
  0.00433965  0.00641673    0.20315993  0.00000000   -0.00112155 -0.00277495
 -0.00447887 -0.00121320   -0.00112155  0.00277495    0.19716270 -0.00000000
    1    2
 -0.06321489  0.07313689    0.03735813  0.00094301   -0.02051046  0.03967491
  0.03752906  0.00106334   -0.05412767  0.07992473   -0.08293555 -0.01227162
 -0.02063239  0.03947314   -0.08280187 -0.01244332   -0.05396658  0.06743729
    2    1
 -0.06321489 -0.07313689    0.03752906 -0.00106334   -0.02063239 -0.03947314
  0.03735813 -0.00094301   -0.05412767 -0.07992473   -0.08280187  0.01244332
 -0.02051046 -0.03967491   -0.08293555  0.01227162   -0.05396658 -0.06743729
    2    2
  0.21795917  0.00000000    0.00502532  0.00642046   -0.00478557 -0.00097104
  0.00502532 -0.00642046    0.19831565 -0.00000000   -0.00212277  0.00292688
 -0.00478557  0.00097104   -0.00212277 -0.00292688    0.19254184  0.00000000

     Dynamical  Matrix in cartesian axes

     q = (   -0.375000000  -0.875000000   0.625000000 ) 

    1    1
  0.22265604  0.00000000    0.00433965  0.00641673   -0.00447887 -0.00121320
  0.00433965 -0.00641673    0.20315993 -0.00000000   -0.00112155  0.00277495
 -0.00447887  0.00121320   -0.00112155 -0.00277495    0.19716270  0.00000000
    1    2
 -0.06321489 -0.07313689    0.03735813 -0.00094301   -0.02051046 -0.03967491
  0.03752906 -0.00106334   -0.05412767 -0.07992473   -0.08293555  0.01227162
 -0.02063239 -0.03947314   -0.08280187  0.01244332   -0.05396658 -0.06743729
    2    1
 -0.06321489  0.07313689    0.03752906  0.00106334   -0.02063239  0.03947314
  0.03735813  0.00094301   -0.05412767  0.07992473   -0.08280187 -0.01244332
 -0.02051046  0.03967491   -0.08293555 -0.01227162   -0.05396658  0.06743729
    2    2
  0.21795917 -0.00000000    0.00502532 -0.00642046   -0.00478557  0.00097104
  0.00502532  0.00642046    0.19831565  0.00000000   -0.00212277 -0.00292688
 -0.00478557 -0.00097104   -0.00212277  0.00292688    0.19254184 -0.00000000

     Dynamical  Matrix in cartesian axes

     q = (    0.625000000   0.875000000  -0.375000000 ) 

    1    1
  0.19716270  0.00000000    0.00112155 -0.00277495   -0.00447887 -0.00121320
  0.00112155  0.00277495    0.20315993  0.00000000   -0.00433965 -0.00641673
 -0.00447887  0.00121320   -0.00433965  0.00641673    0.22265604  0.00000000
    1    2
 -0.05396658  0.06743729    0.08280187  0.01244332   -0.02063239  0.03947314
  0.08293555  0.01227162   -0.05412767  0.07992473   -0.03752906 -0.00106334
 -0.02051046  0.03967491   -0.03735813 -0.00094301   -0.06321489  0.07313689
    2    1
 -0.05396658 -0.06743729    0.08293555 -0.01227162   -0.02051046 -0.03967491
  0.08280187 -0.01244332   -0.05412767 -0.07992473   -0.03735813  0.00094301
 -0.02063239 -0.03947314   -0.03752906  0.00106334   -0.06321489 -0.07313689
    2    2
  0.19254184 -0.00000000    0.00212277  0.00292688   -0.00478557  0.00097104
  0.00212277 -0.00292688    0.19831565 -0.00000000   -0.00502532  0.00642046
 -0.00478557 -0.00097104   -0.00502532 -0.00642046    0.21795917 -0.00000000

     Dynamical  Matrix in cartesian axes

     q = (   -0.625000000  -0.875000000   0.375000000 ) 

    1    1
  0.19716270 -0.00000000    0.00112155  0.00277495   -0.00447887  0.00121320
  0.00112155 -0.00277495    0.20315993 -0.00000000   -0.00433965  0.00641673
 -0.00447887 -0.00121320   -0.00433965 -0.00641673    0.22265604 -0.00000000
    1    2
 -0.05396658 -0.06743729    0.08280187 -0.01244332   -0.02063239 -0.03947314
  0.08293555 -0.01227162   -0.05412767 -0.07992473   -0.03752906  0.00106334
 -0.02051046 -0.03967491   -0.03735813  0.00094301   -0.06321489 -0.07313689
    2    1
 -0.05396658  0.06743729    0.08293555  0.01227162   -0.02051046  0.03967491
  0.08280187  0.01244332   -0.05412767  0.07992473   -0.03735813 -0.00094301
 -0.02063239  0.03947314   -0.03752906 -0.00106334   -0.06321489  0.07313689
    2    2
  0.19254184  0.00000000    0.00212277 -0.00292688   -0.00478557 -0.00097104
  0.00212277  0.00292688    0.19831565  0.00000000   -0.00502532 -0.00642046
 -0.00478557  0.00097104   -0.00502532  0.00642046    0.21795917  0.00000000

     Dynamical  Matrix in cartesian axes

     q = (    0.875000000  -0.625000000   0.375000000 ) 

    1    1
  0.20315993  0.00000000   -0.00112155 -0.00277495    0.00433965  0.00641673
 -0.00112155  0.00277495    0.19716270  0.00000000   -0.00447887 -0.00121320
  0.00433965 -0.00641673   -0.00447887  0.00121320    0.22265604  0.00000000
    1    2
 -0.07992473 -0.05412767    0.01227162 -0.08293555   -0.00106334  0.03752906
  0.01244332 -0.08280187   -0.06743729 -0.05396658   -0.03947314 -0.02063239
 -0.00094301  0.03735813   -0.03967491 -0.02051046   -0.07313689 -0.06321489
    2    1
 -0.07992473  0.05412767    0.01244332  0.08280187   -0.00094301 -0.03735813
  0.01227162  0.08293555   -0.06743729  0.05396658   -0.03967491  0.02051046
 -0.00106334 -0.03752906   -0.03947314  0.02063239   -0.07313689  0.06321489
    2    2
  0.19831565  0.00000000   -0.00212277  0.00292688    0.00502532 -0.00642046
 -0.00212277 -0.00292688    0.19254184  0.00000000   -0.00478557  0.00097104
  0.00502532  0.00642046   -0.00478557 -0.00097104    0.21795917  0.00000000

     Dynamical  Matrix in cartesian axes

     q = (   -0.875000000   0.625000000  -0.375000000 ) 

    1    1
  0.20315993 -0.00000000   -0.00112155  0.00277495    0.00433965 -0.00641673
 -0.00112155 -0.00277495    0.19716270  0.00000000   -0.00447887  0.00121320
  0.00433965  0.00641673   -0.00447887 -0.00121320    0.22265604  0.00000000
    1    2
 -0.07992473  0.05412767    0.01227162  0.08293555   -0.00106334 -0.03752906
  0.01244332  0.08280187   -0.06743729  0.05396658   -0.03947314  0.02063239
 -0.00094301 -0.03735813   -0.03967491  0.02051046   -0.07313689  0.06321489
    2    1
 -0.07992473 -0.05412767    0.01244332 -0.08280187   -0.00094301  0.03735813
  0.01227162 -0.08293555   -0.06743729 -0.05396658   -0.03967491 -0.02051046
 -0.00106334  0.03752906   -0.03947314 -0.02063239   -0.07313689 -0.06321489
    2    2
  0.19831565  0.00000000   -0.00212277 -0.00292688    0.00502532  0.00642046
 -0.00212277  0.00292688    0.19254184  0.00000000   -0.00478557 -0.00097104
  0.00502532 -0.00642046   -0.00478557  0.00097104    0.21795917  0.00000000

     Dynamical  Matrix in cartesian axes

     q = (    0.625000000  -0.875000000   0.375000000 ) 

    1    1
  0.19716270  0.00000000   -0.00112155  0.00277495    0.00447887  0.00121320
 -0.00112155 -0.00277495    0.20315993  0.00000000   -0.00433965 -0.00641673
  0.00447887 -0.00121320   -0.00433965  0.00641673    0.22265604  0.00000000
    1    2
 -0.06743729 -0.05396658    0.01244332 -0.08280187    0.03947314  0.02063239
  0.01227162 -0.08293555   -0.07992473 -0.05412767    0.00106334 -0.03752906
  0.03967491  0.02051046    0.00094301 -0.03735813   -0.07313689 -0.06321489
    2    1
 -0.06743729  0.05396658    0.01227162  0.08293555    0.03967491 -0.02051046
  0.01244332  0.08280187   -0.07992473  0.05412767    0.00094301  0.03735813
  0.03947314 -0.02063239    0.00106334  0.03752906   -0.07313689  0.06321489
    2    2
  0.19254184  0.00000000   -0.00212277 -0.00292688    0.00478557 -0.00097104
 -0.00212277  0.00292688    0.19831565  0.00000000   -0.00502532  0.00642046
  0.00478557  0.00097104   -0.00502532 -0.00642046    0.21795917  0.00000000

     Dynamical  Matrix in cartesian axes

     q = (   -0.625000000   0.875000000  -0.375000000 ) 

    1    1
  0.19716270  0.00000000   -0.00112155 -0.00277495    0.00447887 -0.00121320
 -0.00112155  0.00277495    0.20315993 -0.00000000   -0.00433965  0.00641673
  0.00447887  0.00121320   -0.00433965 -0.00641673    0.22265604  0.00000000
    1    2
 -0.06743729  0.05396658    0.01244332  0.08280187    0.03947314 -0.02063239
  0.01227162  0.08293555   -0.07992473  0.05412767    0.00106334  0.03752906
  0.03967491 -0.02051046    0.00094301  0.03735813   -0.07313689  0.06321489
    2    1
 -0.06743729 -0.05396658    0.01227162 -0.08293555    0.03967491  0.02051046
  0.01244332 -0.08280187   -0.07992473 -0.05412767    0.00094301 -0.03735813
  0.03947314  0.02063239    0.00106334 -0.03752906   -0.07313689 -0.06321489
    2    2
  0.19254184  0.00000000   -0.00212277  0.00292688    0.00478557  0.00097104
 -0.00212277 -0.00292688    0.19831565  0.00000000   -0.00502532 -0.00642046
  0.00478557 -0.00097104   -0.00502532  0.00642046    0.21795917  0.00000000

     Diagonalizing the dynamical matrix

     q = (    0.625000000  -0.375000000   0.875000000 ) 

 **************************************************************************
     freq (    1) =       2.640064 [THz] =      88.063054 [cm-1]
 ( -0.452798  0.211289 -0.010384  0.101799  0.419724 -0.233419 ) 
 ( -0.508853  0.035290 -0.058711 -0.081171  0.488871  0.000000 ) 
     freq (    2) =       3.420591 [THz] =     114.098621 [cm-1]
 ( -0.006319 -0.364590  0.259460 -0.389375  0.089105 -0.362037 ) 
 (  0.357509  0.090881  0.448397 -0.163005  0.381299  0.000000 ) 
     freq (    3) =       4.825581 [THz] =     160.964069 [cm-1]
 ( -0.265017 -0.197485  0.223186  0.431708 -0.364415 -0.093672 ) 
 (  0.315040 -0.130447 -0.335860  0.371887  0.381629  0.000000 ) 
     freq (    4) =       6.714681 [THz] =     223.977643 [cm-1]
 (  0.313665  0.354517 -0.242075 -0.318932  0.349707  0.080286 ) 
 (  0.375140 -0.266777 -0.302981  0.245284  0.350730  0.000000 ) 
     freq (    5) =       7.491256 [THz] =     249.881402 [cm-1]
 (  0.013360  0.342336 -0.230589  0.548587  0.008143  0.193813 ) 
 (  0.332449 -0.020744  0.517275 -0.272448  0.195255  0.000000 ) 
     freq (    6) =       7.629019 [THz] =     254.476675 [cm-1]
 (  0.381994 -0.144119 -0.088356 -0.110314 -0.403678  0.399297 ) 
 ( -0.367565  0.171834 -0.015895 -0.131212  0.555734  0.000000 ) 
 **************************************************************************
