Dynamical matrix file
YOU NEED TO PUT HERE SOME TITLE :)                                         
  1    2  2 11.0000000  0.0000000  0.0000000  0.0000000  0.0000000  0.0000000
           1  'Ge  '    66207.3097484883     
    1    1      0.0000000000      0.0000000000      0.0000000000
    2    1     -0.2500000000      0.2500000000      0.2500000000

     Dynamical  Matrix in cartesian axes

     q = (    0.500000000  -0.250000000   0.500000000 ) 

    1    1
  0.21603340  0.00000000   -0.00874706 -0.00405481    0.00815978  0.00000000
 -0.00874706  0.00405481    0.22869793  0.00000000   -0.00874706  0.00405481
  0.00815978  0.00000000   -0.00874706 -0.00405481    0.21603340  0.00000000
    1    2
 -0.11921784 -0.00346770   -0.03866464  0.03462891    0.05889948  0.00173896
 -0.03873060  0.03457483   -0.13181719 -0.00983812   -0.03873060  0.03457483
  0.05889948  0.00173896   -0.03866464  0.03462891   -0.11921784 -0.00346770
    2    1
 -0.11921784  0.00346770   -0.03873060 -0.03457483    0.05889948 -0.00173896
 -0.03866464 -0.03462891   -0.13181719  0.00983812   -0.03866464 -0.03462891
  0.05889948 -0.00173896   -0.03873060 -0.03457483   -0.11921784  0.00346770
    2    2
  0.21161892  0.00000000   -0.00918689  0.00429443    0.00921801  0.00000000
 -0.00918689 -0.00429443    0.22411789  0.00000000   -0.00918689 -0.00429443
  0.00921801  0.00000000   -0.00918689  0.00429443    0.21161892  0.00000000

     Dynamical  Matrix in cartesian axes

     q = (   -0.500000000   0.250000000  -0.500000000 ) 

    1    1
  0.21603340  0.00000000   -0.00874706  0.00405481    0.00815978  0.00000000
 -0.00874706 -0.00405481    0.22869793  0.00000000   -0.00874706 -0.00405481
  0.00815978  0.00000000   -0.00874706  0.00405481    0.21603340  0.00000000
    1    2
 -0.11921784  0.00346770   -0.03866464 -0.03462891    0.05889948 -0.00173896
 -0.03873060 -0.03457483   -0.13181719  0.00983812   -0.03873060 -0.03457483
  0.05889948 -0.00173896   -0.03866464 -0.03462891   -0.11921784  0.00346770
    2    1
 -0.11921784 -0.00346770   -0.03873060  0.03457483    0.05889948  0.00173896
 -0.03866464  0.03462891   -0.13181719 -0.00983812   -0.03866464  0.03462891
  0.05889948  0.00173896   -0.03873060  0.03457483   -0.11921784 -0.00346770
    2    2
  0.21161892  0.00000000   -0.00918689 -0.00429443    0.00921801  0.00000000
 -0.00918689  0.00429443    0.22411789  0.00000000   -0.00918689  0.00429443
  0.00921801  0.00000000   -0.00918689 -0.00429443    0.21161892  0.00000000

     Dynamical  Matrix in cartesian axes

     q = (   -0.500000000  -0.250000000  -0.500000000 ) 

    1    1
  0.21603340  0.00000000    0.00874706  0.00405481    0.00815978  0.00000000
  0.00874706 -0.00405481    0.22869793  0.00000000    0.00874706 -0.00405481
  0.00815978  0.00000000    0.00874706  0.00405481    0.21603340  0.00000000
    1    2
 -0.11921784 -0.00346770    0.03866464 -0.03462891    0.05889948  0.00173896
  0.03873060 -0.03457483   -0.13181719 -0.00983812    0.03873060 -0.03457483
  0.05889948  0.00173896    0.03866464 -0.03462891   -0.11921784 -0.00346770
    2    1
 -0.11921784  0.00346770    0.03873060  0.03457483    0.05889948 -0.00173896
  0.03866464  0.03462891   -0.13181719  0.00983812    0.03866464  0.03462891
  0.05889948 -0.00173896    0.03873060  0.03457483   -0.11921784  0.00346770
    2    2
  0.21161892  0.00000000    0.00918689 -0.00429443    0.00921801  0.00000000
  0.00918689  0.00429443    0.22411789  0.00000000    0.00918689  0.00429443
  0.00921801  0.00000000    0.00918689 -0.00429443    0.21161892  0.00000000

     Dynamical  Matrix in cartesian axes

     q = (    0.500000000   0.250000000   0.500000000 ) 

    1    1
  0.21603340  0.00000000    0.00874706 -0.00405481    0.00815978  0.00000000
  0.00874706  0.00405481    0.22869793  0.00000000    0.00874706  0.00405481
  0.00815978  0.00000000    0.00874706 -0.00405481    0.21603340  0.00000000
    1    2
 -0.11921784  0.00346770    0.03866464  0.03462891    0.05889948 -0.00173896
  0.03873060  0.03457483   -0.13181719  0.00983812    0.03873060  0.03457483
  0.05889948 -0.00173896    0.03866464  0.03462891   -0.11921784  0.00346770
    2    1
 -0.11921784 -0.00346770    0.03873060 -0.03457483    0.05889948  0.00173896
  0.03866464 -0.03462891   -0.13181719 -0.00983812    0.03866464 -0.03462891
  0.05889948  0.00173896    0.03873060 -0.03457483   -0.11921784 -0.00346770
    2    2
  0.21161892  0.00000000    0.00918689  0.00429443    0.00921801  0.00000000
  0.00918689 -0.00429443    0.22411789  0.00000000    0.00918689 -0.00429443
  0.00921801  0.00000000    0.00918689  0.00429443    0.21161892  0.00000000

     Dynamical  Matrix in cartesian axes

     q = (    0.250000000  -0.500000000   0.500000000 ) 

    1    1
  0.22869793  0.00000000   -0.00874706  0.00405481    0.00874706 -0.00405481
 -0.00874706 -0.00405481    0.21603340  0.00000000   -0.00815978  0.00000000
  0.00874706  0.00405481   -0.00815978  0.00000000    0.21603340  0.00000000
    1    2
 -0.13181719 -0.00983812   -0.03873060  0.03457483    0.03873060 -0.03457483
 -0.03866464  0.03462891   -0.11921784 -0.00346770   -0.05889948 -0.00173896
  0.03866464 -0.03462891   -0.05889948 -0.00173896   -0.11921784 -0.00346770
    2    1
 -0.13181719  0.00983812   -0.03866464 -0.03462891    0.03866464  0.03462891
 -0.03873060 -0.03457483   -0.11921784  0.00346770   -0.05889948  0.00173896
  0.03873060  0.03457483   -0.05889948  0.00173896   -0.11921784  0.00346770
    2    2
  0.22411789  0.00000000   -0.00918689 -0.00429443    0.00918689  0.00429443
 -0.00918689  0.00429443    0.21161892  0.00000000   -0.00921801  0.00000000
  0.00918689 -0.00429443   -0.00921801  0.00000000    0.21161892  0.00000000

     Dynamical  Matrix in cartesian axes

     q = (   -0.250000000   0.500000000  -0.500000000 ) 

    1    1
  0.22869793  0.00000000   -0.00874706 -0.00405481    0.00874706  0.00405481
 -0.00874706  0.00405481    0.21603340  0.00000000   -0.00815978  0.00000000
  0.00874706 -0.00405481   -0.00815978  0.00000000    0.21603340  0.00000000
    1    2
 -0.13181719  0.00983812   -0.03873060 -0.03457483    0.03873060  0.03457483
 -0.03866464 -0.03462891   -0.11921784  0.00346770   -0.05889948  0.00173896
  0.03866464  0.03462891   -0.05889948  0.00173896   -0.11921784  0.00346770
    2    1
 -0.13181719 -0.00983812   -0.03866464  0.03462891    0.03866464 -0.03462891
 -0.03873060  0.03457483   -0.11921784 -0.00346770   -0.05889948 -0.00173896
  0.03873060 -0.03457483   -0.05889948 -0.00173896   -0.11921784 -0.00346770
    2    2
  0.22411789  0.00000000   -0.00918689  0.00429443    0.00918689 -0.00429443
 -0.00918689 -0.00429443    0.21161892  0.00000000   -0.00921801  0.00000000
  0.00918689  0.00429443   -0.00921801  0.00000000    0.21161892  0.00000000

     Dynamical  Matrix in cartesian axes

     q = (   -0.500000000   0.250000000   0.500000000 ) 

    1    1
  0.21603340  0.00000000   -0.00874706 -0.00405481   -0.00815978  0.00000000
 -0.00874706  0.00405481    0.22869793  0.00000000    0.00874706 -0.00405481
 -0.00815978  0.00000000    0.00874706  0.00405481    0.21603340  0.00000000
    1    2
  0.08184771  0.08675178    0.05182636  0.00285369    0.04041859  0.04287785
  0.05183477  0.00293857    0.08625223  0.10016543   -0.05183477 -0.00293857
  0.04041859  0.04287785   -0.05182636 -0.00285369    0.08184771  0.08675178
    2    1
  0.08184771 -0.08675178    0.05183477 -0.00293857    0.04041859 -0.04287785
  0.05182636 -0.00285369    0.08625223 -0.10016543   -0.05182636  0.00285369
  0.04041859 -0.04287785   -0.05183477  0.00293857    0.08184771 -0.08675178
    2    2
  0.21161892  0.00000000   -0.00918689  0.00429443   -0.00921801  0.00000000
 -0.00918689 -0.00429443    0.22411789  0.00000000    0.00918689  0.00429443
 -0.00921801  0.00000000    0.00918689 -0.00429443    0.21161892  0.00000000

     Dynamical  Matrix in cartesian axes

     q = (    0.500000000  -0.250000000  -0.500000000 ) 

    1    1
  0.21603340  0.00000000   -0.00874706  0.00405481   -0.00815978  0.00000000
 -0.00874706 -0.00405481    0.22869793  0.00000000    0.00874706  0.00405481
 -0.00815978  0.00000000    0.00874706 -0.00405481    0.21603340  0.00000000
    1    2
  0.08184771 -0.08675178    0.05182636 -0.00285369    0.04041859 -0.04287785
  0.05183477 -0.00293857    0.08625223 -0.10016543   -0.05183477  0.00293857
  0.04041859 -0.04287785   -0.05182636  0.00285369    0.08184771 -0.08675178
    2    1
  0.08184771  0.08675178    0.05183477  0.00293857    0.04041859  0.04287785
  0.05182636  0.00285369    0.08625223  0.10016543   -0.05182636 -0.00285369
  0.04041859  0.04287785   -0.05183477 -0.00293857    0.08184771  0.08675178
    2    2
  0.21161892  0.00000000   -0.00918689 -0.00429443   -0.00921801  0.00000000
 -0.00918689  0.00429443    0.22411789  0.00000000    0.00918689 -0.00429443
 -0.00921801  0.00000000    0.00918689  0.00429443    0.21161892  0.00000000

     Dynamical  Matrix in cartesian axes

     q = (    0.500000000   0.250000000  -0.500000000 ) 

    1    1
  0.21603340  0.00000000    0.00874706  0.00405481   -0.00815978  0.00000000
  0.00874706 -0.00405481    0.22869793  0.00000000   -0.00874706  0.00405481
 -0.00815978  0.00000000   -0.00874706 -0.00405481    0.21603340  0.00000000
    1    2
 -0.08184771 -0.08675178    0.05182636  0.00285369   -0.04041859 -0.04287785
  0.05183477  0.00293857   -0.08625223 -0.10016543   -0.05183477 -0.00293857
 -0.04041859 -0.04287785   -0.05182636 -0.00285369   -0.08184771 -0.08675178
    2    1
 -0.08184771  0.08675178    0.05183477 -0.00293857   -0.04041859  0.04287785
  0.05182636 -0.00285369   -0.08625223  0.10016543   -0.05182636  0.00285369
 -0.04041859  0.04287785   -0.05183477  0.00293857   -0.08184771  0.08675178
    2    2
  0.21161892  0.00000000    0.00918689 -0.00429443   -0.00921801  0.00000000
  0.00918689  0.00429443    0.22411789  0.00000000   -0.00918689 -0.00429443
 -0.00921801  0.00000000   -0.00918689  0.00429443    0.21161892  0.00000000

     Dynamical  Matrix in cartesian axes

     q = (   -0.500000000  -0.250000000   0.500000000 ) 

    1    1
  0.21603340  0.00000000    0.00874706 -0.00405481   -0.00815978  0.00000000
  0.00874706  0.00405481    0.22869793  0.00000000   -0.00874706 -0.00405481
 -0.00815978  0.00000000   -0.00874706  0.00405481    0.21603340  0.00000000
    1    2
 -0.08184771  0.08675178    0.05182636 -0.00285369   -0.04041859  0.04287785
  0.05183477 -0.00293857   -0.08625223  0.10016543   -0.05183477  0.00293857
 -0.04041859  0.04287785   -0.05182636  0.00285369   -0.08184771  0.08675178
    2    1
 -0.08184771 -0.08675178    0.05183477  0.00293857   -0.04041859 -0.04287785
  0.05182636  0.00285369   -0.08625223 -0.10016543   -0.05182636 -0.00285369
 -0.04041859 -0.04287785   -0.05183477 -0.00293857   -0.08184771 -0.08675178
    2    2
  0.21161892  0.00000000    0.00918689  0.00429443   -0.00921801  0.00000000
  0.00918689 -0.00429443    0.22411789  0.00000000   -0.00918689  0.00429443
 -0.00921801  0.00000000   -0.00918689 -0.00429443    0.21161892  0.00000000

     Dynamical  Matrix in cartesian axes

     q = (    0.500000000   0.500000000  -0.250000000 ) 

    1    1
  0.21603340  0.00000000    0.00815978  0.00000000   -0.00874706 -0.00405481
  0.00815978  0.00000000    0.21603340  0.00000000   -0.00874706 -0.00405481
 -0.00874706  0.00405481   -0.00874706  0.00405481    0.22869793  0.00000000
    1    2
 -0.11921784 -0.00346770    0.05889948  0.00173896   -0.03866464  0.03462891
  0.05889948  0.00173896   -0.11921784 -0.00346770   -0.03866464  0.03462891
 -0.03873060  0.03457483   -0.03873060  0.03457483   -0.13181719 -0.00983812
    2    1
 -0.11921784  0.00346770    0.05889948 -0.00173896   -0.03873060 -0.03457483
  0.05889948 -0.00173896   -0.11921784  0.00346770   -0.03873060 -0.03457483
 -0.03866464 -0.03462891   -0.03866464 -0.03462891   -0.13181719  0.00983812
    2    2
  0.21161892  0.00000000    0.00921801  0.00000000   -0.00918689  0.00429443
  0.00921801  0.00000000    0.21161892  0.00000000   -0.00918689  0.00429443
 -0.00918689 -0.00429443   -0.00918689 -0.00429443    0.22411789  0.00000000

     Dynamical  Matrix in cartesian axes

     q = (   -0.500000000  -0.500000000   0.250000000 ) 

    1    1
  0.21603340  0.00000000    0.00815978  0.00000000   -0.00874706  0.00405481
  0.00815978  0.00000000    0.21603340  0.00000000   -0.00874706  0.00405481
 -0.00874706 -0.00405481   -0.00874706 -0.00405481    0.22869793  0.00000000
    1    2
 -0.11921784  0.00346770    0.05889948 -0.00173896   -0.03866464 -0.03462891
  0.05889948 -0.00173896   -0.11921784  0.00346770   -0.03866464 -0.03462891
 -0.03873060 -0.03457483   -0.03873060 -0.03457483   -0.13181719  0.00983812
    2    1
 -0.11921784 -0.00346770    0.05889948  0.00173896   -0.03873060  0.03457483
  0.05889948  0.00173896   -0.11921784 -0.00346770   -0.03873060  0.03457483
 -0.03866464  0.03462891   -0.03866464  0.03462891   -0.13181719 -0.00983812
    2    2
  0.21161892  0.00000000    0.00921801  0.00000000   -0.00918689 -0.00429443
  0.00921801  0.00000000    0.21161892  0.00000000   -0.00918689 -0.00429443
 -0.00918689  0.00429443   -0.00918689  0.00429443    0.22411789  0.00000000

     Dynamical  Matrix in cartesian axes

     q = (   -0.500000000  -0.500000000  -0.250000000 ) 

    1    1
  0.21603340  0.00000000    0.00815978  0.00000000    0.00874706  0.00405481
  0.00815978  0.00000000    0.21603340  0.00000000    0.00874706  0.00405481
  0.00874706 -0.00405481    0.00874706 -0.00405481    0.22869793  0.00000000
    1    2
 -0.11921784 -0.00346770    0.05889948  0.00173896    0.03866464 -0.03462891
  0.05889948  0.00173896   -0.11921784 -0.00346770    0.03866464 -0.03462891
  0.03873060 -0.03457483    0.03873060 -0.03457483   -0.13181719 -0.00983812
    2    1
 -0.11921784  0.00346770    0.05889948 -0.00173896    0.03873060  0.03457483
  0.05889948 -0.00173896   -0.11921784  0.00346770    0.03873060  0.03457483
  0.03866464  0.03462891    0.03866464  0.03462891   -0.13181719  0.00983812
    2    2
  0.21161892  0.00000000    0.00921801  0.00000000    0.00918689 -0.00429443
  0.00921801  0.00000000    0.21161892  0.00000000    0.00918689 -0.00429443
  0.00918689  0.00429443    0.00918689  0.00429443    0.22411789  0.00000000

     Dynamical  Matrix in cartesian axes

     q = (    0.500000000   0.500000000   0.250000000 ) 

    1    1
  0.21603340  0.00000000    0.00815978  0.00000000    0.00874706 -0.00405481
  0.00815978  0.00000000    0.21603340  0.00000000    0.00874706 -0.00405481
  0.00874706  0.00405481    0.00874706  0.00405481    0.22869793  0.00000000
    1    2
 -0.11921784  0.00346770    0.05889948 -0.00173896    0.03866464  0.03462891
  0.05889948 -0.00173896   -0.11921784  0.00346770    0.03866464  0.03462891
  0.03873060  0.03457483    0.03873060  0.03457483   -0.13181719  0.00983812
    2    1
 -0.11921784 -0.00346770    0.05889948  0.00173896    0.03873060 -0.03457483
  0.05889948  0.00173896   -0.11921784 -0.00346770    0.03873060 -0.03457483
  0.03866464 -0.03462891    0.03866464 -0.03462891   -0.13181719 -0.00983812
    2    2
  0.21161892  0.00000000    0.00921801  0.00000000    0.00918689  0.00429443
  0.00921801  0.00000000    0.21161892  0.00000000    0.00918689  0.00429443
  0.00918689 -0.00429443    0.00918689 -0.00429443    0.22411789  0.00000000

     Dynamical  Matrix in cartesian axes

     q = (   -0.500000000   0.500000000   0.250000000 ) 

    1    1
  0.21603340  0.00000000   -0.00815978  0.00000000   -0.00874706 -0.00405481
 -0.00815978  0.00000000    0.21603340  0.00000000    0.00874706  0.00405481
 -0.00874706  0.00405481    0.00874706 -0.00405481    0.22869793  0.00000000
    1    2
  0.08184771  0.08675178    0.04041859  0.04287785    0.05182636  0.00285369
  0.04041859  0.04287785    0.08184771  0.08675178   -0.05182636 -0.00285369
  0.05183477  0.00293857   -0.05183477 -0.00293857    0.08625223  0.10016543
    2    1
  0.08184771 -0.08675178    0.04041859 -0.04287785    0.05183477 -0.00293857
  0.04041859 -0.04287785    0.08184771 -0.08675178   -0.05183477  0.00293857
  0.05182636 -0.00285369   -0.05182636  0.00285369    0.08625223 -0.10016543
    2    2
  0.21161892  0.00000000   -0.00921801  0.00000000   -0.00918689  0.00429443
 -0.00921801  0.00000000    0.21161892  0.00000000    0.00918689 -0.00429443
 -0.00918689 -0.00429443    0.00918689  0.00429443    0.22411789  0.00000000

     Dynamical  Matrix in cartesian axes

     q = (    0.500000000  -0.500000000  -0.250000000 ) 

    1    1
  0.21603340  0.00000000   -0.00815978  0.00000000   -0.00874706  0.00405481
 -0.00815978  0.00000000    0.21603340  0.00000000    0.00874706 -0.00405481
 -0.00874706 -0.00405481    0.00874706  0.00405481    0.22869793  0.00000000
    1    2
  0.08184771 -0.08675178    0.04041859 -0.04287785    0.05182636 -0.00285369
  0.04041859 -0.04287785    0.08184771 -0.08675178   -0.05182636  0.00285369
  0.05183477 -0.00293857   -0.05183477  0.00293857    0.08625223 -0.10016543
    2    1
  0.08184771  0.08675178    0.04041859  0.04287785    0.05183477  0.00293857
  0.04041859  0.04287785    0.08184771  0.08675178   -0.05183477 -0.00293857
  0.05182636  0.00285369   -0.05182636 -0.00285369    0.08625223  0.10016543
    2    2
  0.21161892  0.00000000   -0.00921801  0.00000000   -0.00918689 -0.00429443
 -0.00921801  0.00000000    0.21161892  0.00000000    0.00918689  0.00429443
 -0.00918689  0.00429443    0.00918689 -0.00429443    0.22411789  0.00000000

     Dynamical  Matrix in cartesian axes

     q = (   -0.250000000   0.500000000   0.500000000 ) 

    1    1
  0.22869793  0.00000000   -0.00874706  0.00405481   -0.00874706  0.00405481
 -0.00874706 -0.00405481    0.21603340  0.00000000    0.00815978  0.00000000
 -0.00874706 -0.00405481    0.00815978  0.00000000    0.21603340  0.00000000
    1    2
  0.08625223  0.10016543    0.05183477  0.00293857    0.05183477  0.00293857
  0.05182636  0.00285369    0.08184771  0.08675178   -0.04041859 -0.04287785
  0.05182636  0.00285369   -0.04041859 -0.04287785    0.08184771  0.08675178
    2    1
  0.08625223 -0.10016543    0.05182636 -0.00285369    0.05182636 -0.00285369
  0.05183477 -0.00293857    0.08184771 -0.08675178   -0.04041859  0.04287785
  0.05183477 -0.00293857   -0.04041859  0.04287785    0.08184771 -0.08675178
    2    2
  0.22411789  0.00000000   -0.00918689 -0.00429443   -0.00918689 -0.00429443
 -0.00918689  0.00429443    0.21161892  0.00000000    0.00921801  0.00000000
 -0.00918689  0.00429443    0.00921801  0.00000000    0.21161892  0.00000000

     Dynamical  Matrix in cartesian axes

     q = (    0.250000000  -0.500000000  -0.500000000 ) 

    1    1
  0.22869793  0.00000000   -0.00874706 -0.00405481   -0.00874706 -0.00405481
 -0.00874706  0.00405481    0.21603340  0.00000000    0.00815978  0.00000000
 -0.00874706  0.00405481    0.00815978  0.00000000    0.21603340  0.00000000
    1    2
  0.08625223 -0.10016543    0.05183477 -0.00293857    0.05183477 -0.00293857
  0.05182636 -0.00285369    0.08184771 -0.08675178   -0.04041859  0.04287785
  0.05182636 -0.00285369   -0.04041859  0.04287785    0.08184771 -0.08675178
    2    1
  0.08625223  0.10016543    0.05182636  0.00285369    0.05182636  0.00285369
  0.05183477  0.00293857    0.08184771  0.08675178   -0.04041859 -0.04287785
  0.05183477  0.00293857   -0.04041859 -0.04287785    0.08184771  0.08675178
    2    2
  0.22411789  0.00000000   -0.00918689  0.00429443   -0.00918689  0.00429443
 -0.00918689 -0.00429443    0.21161892  0.00000000    0.00921801  0.00000000
 -0.00918689 -0.00429443    0.00921801  0.00000000    0.21161892  0.00000000

     Dynamical  Matrix in cartesian axes

     q = (    0.250000000   0.500000000  -0.500000000 ) 

    1    1
  0.22869793  0.00000000    0.00874706 -0.00405481   -0.00874706  0.00405481
  0.00874706  0.00405481    0.21603340  0.00000000   -0.00815978  0.00000000
 -0.00874706 -0.00405481   -0.00815978  0.00000000    0.21603340  0.00000000
    1    2
 -0.13181719 -0.00983812    0.03873060 -0.03457483   -0.03873060  0.03457483
  0.03866464 -0.03462891   -0.11921784 -0.00346770   -0.05889948 -0.00173896
 -0.03866464  0.03462891   -0.05889948 -0.00173896   -0.11921784 -0.00346770
    2    1
 -0.13181719  0.00983812    0.03866464  0.03462891   -0.03866464 -0.03462891
  0.03873060  0.03457483   -0.11921784  0.00346770   -0.05889948  0.00173896
 -0.03873060 -0.03457483   -0.05889948  0.00173896   -0.11921784  0.00346770
    2    2
  0.22411789  0.00000000    0.00918689  0.00429443   -0.00918689 -0.00429443
  0.00918689 -0.00429443    0.21161892  0.00000000   -0.00921801  0.00000000
 -0.00918689  0.00429443   -0.00921801  0.00000000    0.21161892  0.00000000

     Dynamical  Matrix in cartesian axes

     q = (   -0.250000000  -0.500000000   0.500000000 ) 

    1    1
  0.22869793  0.00000000    0.00874706  0.00405481   -0.00874706 -0.00405481
  0.00874706 -0.00405481    0.21603340  0.00000000   -0.00815978  0.00000000
 -0.00874706  0.00405481   -0.00815978  0.00000000    0.21603340  0.00000000
    1    2
 -0.13181719  0.00983812    0.03873060  0.03457483   -0.03873060 -0.03457483
  0.03866464  0.03462891   -0.11921784  0.00346770   -0.05889948  0.00173896
 -0.03866464 -0.03462891   -0.05889948  0.00173896   -0.11921784  0.00346770
    2    1
 -0.13181719 -0.00983812    0.03866464 -0.03462891   -0.03866464  0.03462891
  0.03873060 -0.03457483   -0.11921784 -0.00346770   -0.05889948 -0.00173896
 -0.03873060  0.03457483   -0.05889948 -0.00173896   -0.11921784 -0.00346770
    2    2
  0.22411789  0.00000000    0.00918689 -0.00429443   -0.00918689  0.00429443
  0.00918689  0.00429443    0.21161892  0.00000000   -0.00921801  0.00000000
 -0.00918689 -0.00429443   -0.00921801  0.00000000    0.21161892  0.00000000

     Dynamical  Matrix in cartesian axes

     q = (   -0.250000000  -0.500000000  -0.500000000 ) 

    1    1
  0.22869793  0.00000000    0.00874706 -0.00405481    0.00874706 -0.00405481
  0.00874706  0.00405481    0.21603340  0.00000000    0.00815978  0.00000000
  0.00874706  0.00405481    0.00815978  0.00000000    0.21603340  0.00000000
    1    2
 -0.08625223 -0.10016543    0.05183477  0.00293857    0.05183477  0.00293857
  0.05182636  0.00285369   -0.08184771 -0.08675178    0.04041859  0.04287785
  0.05182636  0.00285369    0.04041859  0.04287785   -0.08184771 -0.08675178
    2    1
 -0.08625223  0.10016543    0.05182636 -0.00285369    0.05182636 -0.00285369
  0.05183477 -0.00293857   -0.08184771  0.08675178    0.04041859 -0.04287785
  0.05183477 -0.00293857    0.04041859 -0.04287785   -0.08184771  0.08675178
    2    2
  0.22411789  0.00000000    0.00918689  0.00429443    0.00918689  0.00429443
  0.00918689 -0.00429443    0.21161892  0.00000000    0.00921801  0.00000000
  0.00918689 -0.00429443    0.00921801  0.00000000    0.21161892  0.00000000

     Dynamical  Matrix in cartesian axes

     q = (    0.250000000   0.500000000   0.500000000 ) 

    1    1
  0.22869793  0.00000000    0.00874706  0.00405481    0.00874706  0.00405481
  0.00874706 -0.00405481    0.21603340  0.00000000    0.00815978  0.00000000
  0.00874706 -0.00405481    0.00815978  0.00000000    0.21603340  0.00000000
    1    2
 -0.08625223  0.10016543    0.05183477 -0.00293857    0.05183477 -0.00293857
  0.05182636 -0.00285369   -0.08184771  0.08675178    0.04041859 -0.04287785
  0.05182636 -0.00285369    0.04041859 -0.04287785   -0.08184771  0.08675178
    2    1
 -0.08625223 -0.10016543    0.05182636  0.00285369    0.05182636  0.00285369
  0.05183477  0.00293857   -0.08184771 -0.08675178    0.04041859  0.04287785
  0.05183477  0.00293857    0.04041859  0.04287785   -0.08184771 -0.08675178
    2    2
  0.22411789  0.00000000    0.00918689 -0.00429443    0.00918689 -0.00429443
  0.00918689  0.00429443    0.21161892  0.00000000    0.00921801  0.00000000
  0.00918689  0.00429443    0.00921801  0.00000000    0.21161892  0.00000000

     Dynamical  Matrix in cartesian axes

     q = (    0.500000000  -0.500000000   0.250000000 ) 

    1    1
  0.21603340  0.00000000   -0.00815978  0.00000000    0.00874706  0.00405481
 -0.00815978  0.00000000    0.21603340  0.00000000   -0.00874706 -0.00405481
  0.00874706 -0.00405481   -0.00874706  0.00405481    0.22869793  0.00000000
    1    2
 -0.08184771 -0.08675178   -0.04041859 -0.04287785    0.05182636  0.00285369
 -0.04041859 -0.04287785   -0.08184771 -0.08675178   -0.05182636 -0.00285369
  0.05183477  0.00293857   -0.05183477 -0.00293857   -0.08625223 -0.10016543
    2    1
 -0.08184771  0.08675178   -0.04041859  0.04287785    0.05183477 -0.00293857
 -0.04041859  0.04287785   -0.08184771  0.08675178   -0.05183477  0.00293857
  0.05182636 -0.00285369   -0.05182636  0.00285369   -0.08625223  0.10016543
    2    2
  0.21161892  0.00000000   -0.00921801  0.00000000    0.00918689 -0.00429443
 -0.00921801  0.00000000    0.21161892  0.00000000   -0.00918689  0.00429443
  0.00918689  0.00429443   -0.00918689 -0.00429443    0.22411789  0.00000000

     Dynamical  Matrix in cartesian axes

     q = (   -0.500000000   0.500000000  -0.250000000 ) 

    1    1
  0.21603340  0.00000000   -0.00815978  0.00000000    0.00874706 -0.00405481
 -0.00815978  0.00000000    0.21603340  0.00000000   -0.00874706  0.00405481
  0.00874706  0.00405481   -0.00874706 -0.00405481    0.22869793  0.00000000
    1    2
 -0.08184771  0.08675178   -0.04041859  0.04287785    0.05182636 -0.00285369
 -0.04041859  0.04287785   -0.08184771  0.08675178   -0.05182636  0.00285369
  0.05183477 -0.00293857   -0.05183477  0.00293857   -0.08625223  0.10016543
    2    1
 -0.08184771 -0.08675178   -0.04041859 -0.04287785    0.05183477  0.00293857
 -0.04041859 -0.04287785   -0.08184771 -0.08675178   -0.05183477 -0.00293857
  0.05182636  0.00285369   -0.05182636 -0.00285369   -0.08625223 -0.10016543
    2    2
  0.21161892  0.00000000   -0.00921801  0.00000000    0.00918689  0.00429443
 -0.00921801  0.00000000    0.21161892  0.00000000   -0.00918689 -0.00429443
  0.00918689 -0.00429443   -0.00918689  0.00429443    0.22411789  0.00000000

     Diagonalizing the dynamical matrix

     q = (    0.500000000  -0.250000000   0.500000000 ) 

 **************************************************************************
     freq (    1) =       2.097889 [THz] =      69.978058 [cm-1]
 ( -0.495935 -0.014497  0.000000 -0.000000  0.495935  0.014497 ) 
 ( -0.503824  0.000000  0.000000 -0.000000  0.503824  0.000000 ) 
     freq (    2) =       2.769007 [THz] =      92.364126 [cm-1]
 (  0.226918 -0.136498  0.564165 -0.185406  0.226918 -0.136498 ) 
 (  0.267813 -0.000000  0.589479 -0.127130  0.267813  0.000000 ) 
     freq (    3) =       5.362721 [THz] =     178.881114 [cm-1]
 (  0.293893  0.288965 -0.193066 -0.329847  0.293893  0.288965 ) 
 (  0.425658 -0.000000 -0.376815  0.099094  0.425658  0.000000 ) 
     freq (    4) =       6.846267 [THz] =     228.366901 [cm-1]
 (  0.373543  0.278224 -0.100210 -0.265519  0.373543  0.278224 ) 
 ( -0.452144 -0.000000  0.231808 -0.151552 -0.452144  0.000000 ) 
     freq (    5) =       7.916273 [THz] =     264.058436 [cm-1]
 (  0.503609  0.014721 -0.000000  0.000000 -0.503609 -0.014721 ) 
 ( -0.496147 -0.000000  0.000000 -0.000000  0.496147  0.000000 ) 
     freq (    6) =       7.967143 [THz] =     265.755290 [cm-1]
 ( -0.082188  0.190540 -0.553032  0.338943 -0.082188  0.190540 ) 
 (  0.206534  0.000000  0.519695 -0.371157  0.206534  0.000000 ) 
 **************************************************************************
