Dynamical matrix file
YOU NEED TO PUT HERE SOME TITLE :)                                         
  1    2  2 11.0000000  0.0000000  0.0000000  0.0000000  0.0000000  0.0000000
           1  'Ge  '    66207.3097484883     
    1    1      0.0000000000      0.0000000000      0.0000000000
    2    1     -0.2500000000      0.2500000000      0.2500000000

     Dynamical  Matrix in cartesian axes

     q = (    0.375000000  -0.125000000   0.375000000 ) 

    1    1
  0.21949748  0.00000000   -0.00467070 -0.00219180    0.00541132  0.00000000
 -0.00467070  0.00219180    0.22687874  0.00000000   -0.00467070  0.00219180
  0.00541132  0.00000000   -0.00467070 -0.00219180    0.21949748  0.00000000
    1    2
 -0.15158435 -0.01330078   -0.01879180  0.04227677    0.03787235 -0.00685851
 -0.01860107  0.04224850   -0.16181127 -0.01565696   -0.01860107  0.04224850
  0.03787235 -0.00685851   -0.01879180  0.04227677   -0.15158435 -0.01330078
    2    1
 -0.15158435  0.01330078   -0.01860107 -0.04224850    0.03787235  0.00685851
 -0.01879180 -0.04227677   -0.16181127  0.01565696   -0.01879180 -0.04227677
  0.03787235  0.00685851   -0.01860107 -0.04224850   -0.15158435  0.01330078
    2    2
  0.21425582  0.00000000   -0.00493017  0.00204437    0.00560838  0.00000000
 -0.00493017 -0.00204437    0.22207484  0.00000000   -0.00493017 -0.00204437
  0.00560838  0.00000000   -0.00493017  0.00204437    0.21425582  0.00000000

     Dynamical  Matrix in cartesian axes

     q = (   -0.375000000   0.125000000  -0.375000000 ) 

    1    1
  0.21949748  0.00000000   -0.00467070  0.00219180    0.00541132  0.00000000
 -0.00467070 -0.00219180    0.22687874  0.00000000   -0.00467070 -0.00219180
  0.00541132  0.00000000   -0.00467070  0.00219180    0.21949748  0.00000000
    1    2
 -0.15158435  0.01330078   -0.01879180 -0.04227677    0.03787235  0.00685851
 -0.01860107 -0.04224850   -0.16181127  0.01565696   -0.01860107 -0.04224850
  0.03787235  0.00685851   -0.01879180 -0.04227677   -0.15158435  0.01330078
    2    1
 -0.15158435 -0.01330078   -0.01860107  0.04224850    0.03787235 -0.00685851
 -0.01879180  0.04227677   -0.16181127 -0.01565696   -0.01879180  0.04227677
  0.03787235 -0.00685851   -0.01860107  0.04224850   -0.15158435 -0.01330078
    2    2
  0.21425582  0.00000000   -0.00493017 -0.00204437    0.00560838  0.00000000
 -0.00493017  0.00204437    0.22207484  0.00000000   -0.00493017  0.00204437
  0.00560838  0.00000000   -0.00493017 -0.00204437    0.21425582  0.00000000

     Dynamical  Matrix in cartesian axes

     q = (   -0.375000000  -0.125000000  -0.375000000 ) 

    1    1
  0.21949748  0.00000000    0.00467070  0.00219180    0.00541132  0.00000000
  0.00467070 -0.00219180    0.22687874  0.00000000    0.00467070 -0.00219180
  0.00541132  0.00000000    0.00467070  0.00219180    0.21949748  0.00000000
    1    2
 -0.15158435 -0.01330078    0.01879180 -0.04227677    0.03787235 -0.00685851
  0.01860107 -0.04224850   -0.16181127 -0.01565696    0.01860107 -0.04224850
  0.03787235 -0.00685851    0.01879180 -0.04227677   -0.15158435 -0.01330078
    2    1
 -0.15158435  0.01330078    0.01860107  0.04224850    0.03787235  0.00685851
  0.01879180  0.04227677   -0.16181127  0.01565696    0.01879180  0.04227677
  0.03787235  0.00685851    0.01860107  0.04224850   -0.15158435  0.01330078
    2    2
  0.21425582  0.00000000    0.00493017 -0.00204437    0.00560838  0.00000000
  0.00493017  0.00204437    0.22207484  0.00000000    0.00493017  0.00204437
  0.00560838  0.00000000    0.00493017 -0.00204437    0.21425582  0.00000000

     Dynamical  Matrix in cartesian axes

     q = (    0.375000000   0.125000000   0.375000000 ) 

    1    1
  0.21949748  0.00000000    0.00467070 -0.00219180    0.00541132  0.00000000
  0.00467070  0.00219180    0.22687874  0.00000000    0.00467070  0.00219180
  0.00541132  0.00000000    0.00467070 -0.00219180    0.21949748  0.00000000
    1    2
 -0.15158435  0.01330078    0.01879180  0.04227677    0.03787235  0.00685851
  0.01860107  0.04224850   -0.16181127  0.01565696    0.01860107  0.04224850
  0.03787235  0.00685851    0.01879180  0.04227677   -0.15158435  0.01330078
    2    1
 -0.15158435 -0.01330078    0.01860107 -0.04224850    0.03787235 -0.00685851
  0.01879180 -0.04227677   -0.16181127 -0.01565696    0.01879180 -0.04227677
  0.03787235 -0.00685851    0.01860107 -0.04224850   -0.15158435 -0.01330078
    2    2
  0.21425582  0.00000000    0.00493017  0.00204437    0.00560838  0.00000000
  0.00493017 -0.00204437    0.22207484  0.00000000    0.00493017 -0.00204437
  0.00560838  0.00000000    0.00493017  0.00204437    0.21425582  0.00000000

     Dynamical  Matrix in cartesian axes

     q = (    0.125000000  -0.375000000   0.375000000 ) 

    1    1
  0.22687874  0.00000000   -0.00467070  0.00219180    0.00467070 -0.00219180
 -0.00467070 -0.00219180    0.21949748  0.00000000   -0.00541132  0.00000000
  0.00467070  0.00219180   -0.00541132  0.00000000    0.21949748  0.00000000
    1    2
 -0.16181127 -0.01565696   -0.01860107  0.04224850    0.01860107 -0.04224850
 -0.01879180  0.04227677   -0.15158435 -0.01330078   -0.03787235  0.00685851
  0.01879180 -0.04227677   -0.03787235  0.00685851   -0.15158435 -0.01330078
    2    1
 -0.16181127  0.01565696   -0.01879180 -0.04227677    0.01879180  0.04227677
 -0.01860107 -0.04224850   -0.15158435  0.01330078   -0.03787235 -0.00685851
  0.01860107  0.04224850   -0.03787235 -0.00685851   -0.15158435  0.01330078
    2    2
  0.22207484  0.00000000   -0.00493017 -0.00204437    0.00493017  0.00204437
 -0.00493017  0.00204437    0.21425582  0.00000000   -0.00560838  0.00000000
  0.00493017 -0.00204437   -0.00560838  0.00000000    0.21425582  0.00000000

     Dynamical  Matrix in cartesian axes

     q = (   -0.125000000   0.375000000  -0.375000000 ) 

    1    1
  0.22687874  0.00000000   -0.00467070 -0.00219180    0.00467070  0.00219180
 -0.00467070  0.00219180    0.21949748  0.00000000   -0.00541132  0.00000000
  0.00467070 -0.00219180   -0.00541132  0.00000000    0.21949748  0.00000000
    1    2
 -0.16181127  0.01565696   -0.01860107 -0.04224850    0.01860107  0.04224850
 -0.01879180 -0.04227677   -0.15158435  0.01330078   -0.03787235 -0.00685851
  0.01879180  0.04227677   -0.03787235 -0.00685851   -0.15158435  0.01330078
    2    1
 -0.16181127 -0.01565696   -0.01879180  0.04227677    0.01879180 -0.04227677
 -0.01860107  0.04224850   -0.15158435 -0.01330078   -0.03787235  0.00685851
  0.01860107 -0.04224850   -0.03787235  0.00685851   -0.15158435 -0.01330078
    2    2
  0.22207484  0.00000000   -0.00493017  0.00204437    0.00493017 -0.00204437
 -0.00493017 -0.00204437    0.21425582  0.00000000   -0.00560838  0.00000000
  0.00493017  0.00204437   -0.00560838  0.00000000    0.21425582  0.00000000

     Dynamical  Matrix in cartesian axes

     q = (   -0.375000000   0.125000000   0.375000000 ) 

    1    1
  0.21949748  0.00000000   -0.00467070 -0.00219180   -0.00541132  0.00000000
 -0.00467070  0.00219180    0.22687874  0.00000000    0.00467070 -0.00219180
 -0.00541132  0.00000000    0.00467070  0.00219180    0.21949748  0.00000000
    1    2
 -0.01330078  0.15158435    0.04227677  0.01879180    0.00685851  0.03787235
  0.04224850  0.01860107   -0.01565696  0.16181127   -0.04224850 -0.01860107
  0.00685851  0.03787235   -0.04227677 -0.01879180   -0.01330078  0.15158435
    2    1
 -0.01330078 -0.15158435    0.04224850 -0.01860107    0.00685851 -0.03787235
  0.04227677 -0.01879180   -0.01565696 -0.16181127   -0.04227677  0.01879180
  0.00685851 -0.03787235   -0.04224850  0.01860107   -0.01330078 -0.15158435
    2    2
  0.21425582  0.00000000   -0.00493017  0.00204437   -0.00560838  0.00000000
 -0.00493017 -0.00204437    0.22207484  0.00000000    0.00493017  0.00204437
 -0.00560838  0.00000000    0.00493017 -0.00204437    0.21425582  0.00000000

     Dynamical  Matrix in cartesian axes

     q = (    0.375000000  -0.125000000  -0.375000000 ) 

    1    1
  0.21949748  0.00000000   -0.00467070  0.00219180   -0.00541132  0.00000000
 -0.00467070 -0.00219180    0.22687874  0.00000000    0.00467070  0.00219180
 -0.00541132  0.00000000    0.00467070 -0.00219180    0.21949748  0.00000000
    1    2
 -0.01330078 -0.15158435    0.04227677 -0.01879180    0.00685851 -0.03787235
  0.04224850 -0.01860107   -0.01565696 -0.16181127   -0.04224850  0.01860107
  0.00685851 -0.03787235   -0.04227677  0.01879180   -0.01330078 -0.15158435
    2    1
 -0.01330078  0.15158435    0.04224850  0.01860107    0.00685851  0.03787235
  0.04227677  0.01879180   -0.01565696  0.16181127   -0.04227677 -0.01879180
  0.00685851  0.03787235   -0.04224850 -0.01860107   -0.01330078  0.15158435
    2    2
  0.21425582  0.00000000   -0.00493017 -0.00204437   -0.00560838  0.00000000
 -0.00493017  0.00204437    0.22207484  0.00000000    0.00493017 -0.00204437
 -0.00560838  0.00000000    0.00493017  0.00204437    0.21425582  0.00000000

     Dynamical  Matrix in cartesian axes

     q = (    0.375000000   0.125000000  -0.375000000 ) 

    1    1
  0.21949748  0.00000000    0.00467070  0.00219180   -0.00541132  0.00000000
  0.00467070 -0.00219180    0.22687874  0.00000000   -0.00467070  0.00219180
 -0.00541132  0.00000000   -0.00467070 -0.00219180    0.21949748  0.00000000
    1    2
 -0.09778125 -0.11659139    0.04318200 -0.01660638   -0.03162949 -0.02193009
  0.04302714 -0.01672126   -0.10334671 -0.12548899   -0.04302714  0.01672126
 -0.03162949 -0.02193009   -0.04318200  0.01660638   -0.09778125 -0.11659139
    2    1
 -0.09778125  0.11659139    0.04302714  0.01672126   -0.03162949  0.02193009
  0.04318200  0.01660638   -0.10334671  0.12548899   -0.04318200 -0.01660638
 -0.03162949  0.02193009   -0.04302714 -0.01672126   -0.09778125  0.11659139
    2    2
  0.21425582  0.00000000    0.00493017 -0.00204437   -0.00560838  0.00000000
  0.00493017  0.00204437    0.22207484  0.00000000   -0.00493017 -0.00204437
 -0.00560838  0.00000000   -0.00493017  0.00204437    0.21425582  0.00000000

     Dynamical  Matrix in cartesian axes

     q = (   -0.375000000  -0.125000000   0.375000000 ) 

    1    1
  0.21949748  0.00000000    0.00467070 -0.00219180   -0.00541132  0.00000000
  0.00467070  0.00219180    0.22687874  0.00000000   -0.00467070 -0.00219180
 -0.00541132  0.00000000   -0.00467070  0.00219180    0.21949748  0.00000000
    1    2
 -0.09778125  0.11659139    0.04318200  0.01660638   -0.03162949  0.02193009
  0.04302714  0.01672126   -0.10334671  0.12548899   -0.04302714 -0.01672126
 -0.03162949  0.02193009   -0.04318200 -0.01660638   -0.09778125  0.11659139
    2    1
 -0.09778125 -0.11659139    0.04302714 -0.01672126   -0.03162949 -0.02193009
  0.04318200 -0.01660638   -0.10334671 -0.12548899   -0.04318200  0.01660638
 -0.03162949 -0.02193009   -0.04302714  0.01672126   -0.09778125 -0.11659139
    2    2
  0.21425582  0.00000000    0.00493017  0.00204437   -0.00560838  0.00000000
  0.00493017 -0.00204437    0.22207484  0.00000000   -0.00493017  0.00204437
 -0.00560838  0.00000000   -0.00493017 -0.00204437    0.21425582  0.00000000

     Dynamical  Matrix in cartesian axes

     q = (    0.375000000   0.375000000  -0.125000000 ) 

    1    1
  0.21949748  0.00000000    0.00541132  0.00000000   -0.00467070 -0.00219180
  0.00541132  0.00000000    0.21949748  0.00000000   -0.00467070 -0.00219180
 -0.00467070  0.00219180   -0.00467070  0.00219180    0.22687874  0.00000000
    1    2
 -0.15158435 -0.01330078    0.03787235 -0.00685851   -0.01879180  0.04227677
  0.03787235 -0.00685851   -0.15158435 -0.01330078   -0.01879180  0.04227677
 -0.01860107  0.04224850   -0.01860107  0.04224850   -0.16181127 -0.01565696
    2    1
 -0.15158435  0.01330078    0.03787235  0.00685851   -0.01860107 -0.04224850
  0.03787235  0.00685851   -0.15158435  0.01330078   -0.01860107 -0.04224850
 -0.01879180 -0.04227677   -0.01879180 -0.04227677   -0.16181127  0.01565696
    2    2
  0.21425582  0.00000000    0.00560838  0.00000000   -0.00493017  0.00204437
  0.00560838  0.00000000    0.21425582  0.00000000   -0.00493017  0.00204437
 -0.00493017 -0.00204437   -0.00493017 -0.00204437    0.22207484  0.00000000

     Dynamical  Matrix in cartesian axes

     q = (   -0.375000000  -0.375000000   0.125000000 ) 

    1    1
  0.21949748  0.00000000    0.00541132  0.00000000   -0.00467070  0.00219180
  0.00541132  0.00000000    0.21949748  0.00000000   -0.00467070  0.00219180
 -0.00467070 -0.00219180   -0.00467070 -0.00219180    0.22687874  0.00000000
    1    2
 -0.15158435  0.01330078    0.03787235  0.00685851   -0.01879180 -0.04227677
  0.03787235  0.00685851   -0.15158435  0.01330078   -0.01879180 -0.04227677
 -0.01860107 -0.04224850   -0.01860107 -0.04224850   -0.16181127  0.01565696
    2    1
 -0.15158435 -0.01330078    0.03787235 -0.00685851   -0.01860107  0.04224850
  0.03787235 -0.00685851   -0.15158435 -0.01330078   -0.01860107  0.04224850
 -0.01879180  0.04227677   -0.01879180  0.04227677   -0.16181127 -0.01565696
    2    2
  0.21425582  0.00000000    0.00560838  0.00000000   -0.00493017 -0.00204437
  0.00560838  0.00000000    0.21425582  0.00000000   -0.00493017 -0.00204437
 -0.00493017  0.00204437   -0.00493017  0.00204437    0.22207484  0.00000000

     Dynamical  Matrix in cartesian axes

     q = (   -0.375000000  -0.375000000  -0.125000000 ) 

    1    1
  0.21949748  0.00000000    0.00541132  0.00000000    0.00467070  0.00219180
  0.00541132  0.00000000    0.21949748  0.00000000    0.00467070  0.00219180
  0.00467070 -0.00219180    0.00467070 -0.00219180    0.22687874  0.00000000
    1    2
 -0.15158435 -0.01330078    0.03787235 -0.00685851    0.01879180 -0.04227677
  0.03787235 -0.00685851   -0.15158435 -0.01330078    0.01879180 -0.04227677
  0.01860107 -0.04224850    0.01860107 -0.04224850   -0.16181127 -0.01565696
    2    1
 -0.15158435  0.01330078    0.03787235  0.00685851    0.01860107  0.04224850
  0.03787235  0.00685851   -0.15158435  0.01330078    0.01860107  0.04224850
  0.01879180  0.04227677    0.01879180  0.04227677   -0.16181127  0.01565696
    2    2
  0.21425582  0.00000000    0.00560838  0.00000000    0.00493017 -0.00204437
  0.00560838  0.00000000    0.21425582  0.00000000    0.00493017 -0.00204437
  0.00493017  0.00204437    0.00493017  0.00204437    0.22207484  0.00000000

     Dynamical  Matrix in cartesian axes

     q = (    0.375000000   0.375000000   0.125000000 ) 

    1    1
  0.21949748  0.00000000    0.00541132  0.00000000    0.00467070 -0.00219180
  0.00541132  0.00000000    0.21949748  0.00000000    0.00467070 -0.00219180
  0.00467070  0.00219180    0.00467070  0.00219180    0.22687874  0.00000000
    1    2
 -0.15158435  0.01330078    0.03787235  0.00685851    0.01879180  0.04227677
  0.03787235  0.00685851   -0.15158435  0.01330078    0.01879180  0.04227677
  0.01860107  0.04224850    0.01860107  0.04224850   -0.16181127  0.01565696
    2    1
 -0.15158435 -0.01330078    0.03787235 -0.00685851    0.01860107 -0.04224850
  0.03787235 -0.00685851   -0.15158435 -0.01330078    0.01860107 -0.04224850
  0.01879180 -0.04227677    0.01879180 -0.04227677   -0.16181127 -0.01565696
    2    2
  0.21425582  0.00000000    0.00560838  0.00000000    0.00493017  0.00204437
  0.00560838  0.00000000    0.21425582  0.00000000    0.00493017  0.00204437
  0.00493017 -0.00204437    0.00493017 -0.00204437    0.22207484  0.00000000

     Dynamical  Matrix in cartesian axes

     q = (   -0.375000000   0.375000000   0.125000000 ) 

    1    1
  0.21949748  0.00000000   -0.00541132  0.00000000   -0.00467070 -0.00219180
 -0.00541132  0.00000000    0.21949748  0.00000000    0.00467070  0.00219180
 -0.00467070  0.00219180    0.00467070 -0.00219180    0.22687874  0.00000000
    1    2
 -0.01330078  0.15158435    0.00685851  0.03787235    0.04227677  0.01879180
  0.00685851  0.03787235   -0.01330078  0.15158435   -0.04227677 -0.01879180
  0.04224850  0.01860107   -0.04224850 -0.01860107   -0.01565696  0.16181127
    2    1
 -0.01330078 -0.15158435    0.00685851 -0.03787235    0.04224850 -0.01860107
  0.00685851 -0.03787235   -0.01330078 -0.15158435   -0.04224850  0.01860107
  0.04227677 -0.01879180   -0.04227677  0.01879180   -0.01565696 -0.16181127
    2    2
  0.21425582  0.00000000   -0.00560838  0.00000000   -0.00493017  0.00204437
 -0.00560838  0.00000000    0.21425582  0.00000000    0.00493017 -0.00204437
 -0.00493017 -0.00204437    0.00493017  0.00204437    0.22207484  0.00000000

     Dynamical  Matrix in cartesian axes

     q = (    0.375000000  -0.375000000  -0.125000000 ) 

    1    1
  0.21949748  0.00000000   -0.00541132  0.00000000   -0.00467070  0.00219180
 -0.00541132  0.00000000    0.21949748  0.00000000    0.00467070 -0.00219180
 -0.00467070 -0.00219180    0.00467070  0.00219180    0.22687874  0.00000000
    1    2
 -0.01330078 -0.15158435    0.00685851 -0.03787235    0.04227677 -0.01879180
  0.00685851 -0.03787235   -0.01330078 -0.15158435   -0.04227677  0.01879180
  0.04224850 -0.01860107   -0.04224850  0.01860107   -0.01565696 -0.16181127
    2    1
 -0.01330078  0.15158435    0.00685851  0.03787235    0.04224850  0.01860107
  0.00685851  0.03787235   -0.01330078  0.15158435   -0.04224850 -0.01860107
  0.04227677  0.01879180   -0.04227677 -0.01879180   -0.01565696  0.16181127
    2    2
  0.21425582  0.00000000   -0.00560838  0.00000000   -0.00493017 -0.00204437
 -0.00560838  0.00000000    0.21425582  0.00000000    0.00493017  0.00204437
 -0.00493017  0.00204437    0.00493017 -0.00204437    0.22207484  0.00000000

     Dynamical  Matrix in cartesian axes

     q = (   -0.125000000   0.375000000   0.375000000 ) 

    1    1
  0.22687874  0.00000000   -0.00467070  0.00219180   -0.00467070  0.00219180
 -0.00467070 -0.00219180    0.21949748  0.00000000    0.00541132  0.00000000
 -0.00467070 -0.00219180    0.00541132  0.00000000    0.21949748  0.00000000
    1    2
 -0.01565696  0.16181127    0.04224850  0.01860107    0.04224850  0.01860107
  0.04227677  0.01879180   -0.01330078  0.15158435   -0.00685851 -0.03787235
  0.04227677  0.01879180   -0.00685851 -0.03787235   -0.01330078  0.15158435
    2    1
 -0.01565696 -0.16181127    0.04227677 -0.01879180    0.04227677 -0.01879180
  0.04224850 -0.01860107   -0.01330078 -0.15158435   -0.00685851  0.03787235
  0.04224850 -0.01860107   -0.00685851  0.03787235   -0.01330078 -0.15158435
    2    2
  0.22207484  0.00000000   -0.00493017 -0.00204437   -0.00493017 -0.00204437
 -0.00493017  0.00204437    0.21425582  0.00000000    0.00560838  0.00000000
 -0.00493017  0.00204437    0.00560838  0.00000000    0.21425582  0.00000000

     Dynamical  Matrix in cartesian axes

     q = (    0.125000000  -0.375000000  -0.375000000 ) 

    1    1
  0.22687874  0.00000000   -0.00467070 -0.00219180   -0.00467070 -0.00219180
 -0.00467070  0.00219180    0.21949748  0.00000000    0.00541132  0.00000000
 -0.00467070  0.00219180    0.00541132  0.00000000    0.21949748  0.00000000
    1    2
 -0.01565696 -0.16181127    0.04224850 -0.01860107    0.04224850 -0.01860107
  0.04227677 -0.01879180   -0.01330078 -0.15158435   -0.00685851  0.03787235
  0.04227677 -0.01879180   -0.00685851  0.03787235   -0.01330078 -0.15158435
    2    1
 -0.01565696  0.16181127    0.04227677  0.01879180    0.04227677  0.01879180
  0.04224850  0.01860107   -0.01330078  0.15158435   -0.00685851 -0.03787235
  0.04224850  0.01860107   -0.00685851 -0.03787235   -0.01330078  0.15158435
    2    2
  0.22207484  0.00000000   -0.00493017  0.00204437   -0.00493017  0.00204437
 -0.00493017 -0.00204437    0.21425582  0.00000000    0.00560838  0.00000000
 -0.00493017 -0.00204437    0.00560838  0.00000000    0.21425582  0.00000000

     Dynamical  Matrix in cartesian axes

     q = (    0.125000000   0.375000000  -0.375000000 ) 

    1    1
  0.22687874  0.00000000    0.00467070 -0.00219180   -0.00467070  0.00219180
  0.00467070  0.00219180    0.21949748  0.00000000   -0.00541132  0.00000000
 -0.00467070 -0.00219180   -0.00541132  0.00000000    0.21949748  0.00000000
    1    2
 -0.16181127 -0.01565696    0.01860107 -0.04224850   -0.01860107  0.04224850
  0.01879180 -0.04227677   -0.15158435 -0.01330078   -0.03787235  0.00685851
 -0.01879180  0.04227677   -0.03787235  0.00685851   -0.15158435 -0.01330078
    2    1
 -0.16181127  0.01565696    0.01879180  0.04227677   -0.01879180 -0.04227677
  0.01860107  0.04224850   -0.15158435  0.01330078   -0.03787235 -0.00685851
 -0.01860107 -0.04224850   -0.03787235 -0.00685851   -0.15158435  0.01330078
    2    2
  0.22207484  0.00000000    0.00493017  0.00204437   -0.00493017 -0.00204437
  0.00493017 -0.00204437    0.21425582  0.00000000   -0.00560838  0.00000000
 -0.00493017  0.00204437   -0.00560838  0.00000000    0.21425582  0.00000000

     Dynamical  Matrix in cartesian axes

     q = (   -0.125000000  -0.375000000   0.375000000 ) 

    1    1
  0.22687874  0.00000000    0.00467070  0.00219180   -0.00467070 -0.00219180
  0.00467070 -0.00219180    0.21949748  0.00000000   -0.00541132  0.00000000
 -0.00467070  0.00219180   -0.00541132  0.00000000    0.21949748  0.00000000
    1    2
 -0.16181127  0.01565696    0.01860107  0.04224850   -0.01860107 -0.04224850
  0.01879180  0.04227677   -0.15158435  0.01330078   -0.03787235 -0.00685851
 -0.01879180 -0.04227677   -0.03787235 -0.00685851   -0.15158435  0.01330078
    2    1
 -0.16181127 -0.01565696    0.01879180 -0.04227677   -0.01879180  0.04227677
  0.01860107 -0.04224850   -0.15158435 -0.01330078   -0.03787235  0.00685851
 -0.01860107  0.04224850   -0.03787235  0.00685851   -0.15158435 -0.01330078
    2    2
  0.22207484  0.00000000    0.00493017 -0.00204437   -0.00493017  0.00204437
  0.00493017  0.00204437    0.21425582  0.00000000   -0.00560838  0.00000000
 -0.00493017 -0.00204437   -0.00560838  0.00000000    0.21425582  0.00000000

     Dynamical  Matrix in cartesian axes

     q = (   -0.125000000  -0.375000000  -0.375000000 ) 

    1    1
  0.22687874  0.00000000    0.00467070 -0.00219180    0.00467070 -0.00219180
  0.00467070  0.00219180    0.21949748  0.00000000    0.00541132  0.00000000
  0.00467070  0.00219180    0.00541132  0.00000000    0.21949748  0.00000000
    1    2
 -0.10334671 -0.12548899    0.04302714 -0.01672126    0.04302714 -0.01672126
  0.04318200 -0.01660638   -0.09778125 -0.11659139    0.03162949  0.02193009
  0.04318200 -0.01660638    0.03162949  0.02193009   -0.09778125 -0.11659139
    2    1
 -0.10334671  0.12548899    0.04318200  0.01660638    0.04318200  0.01660638
  0.04302714  0.01672126   -0.09778125  0.11659139    0.03162949 -0.02193009
  0.04302714  0.01672126    0.03162949 -0.02193009   -0.09778125  0.11659139
    2    2
  0.22207484  0.00000000    0.00493017  0.00204437    0.00493017  0.00204437
  0.00493017 -0.00204437    0.21425582  0.00000000    0.00560838  0.00000000
  0.00493017 -0.00204437    0.00560838  0.00000000    0.21425582  0.00000000

     Dynamical  Matrix in cartesian axes

     q = (    0.125000000   0.375000000   0.375000000 ) 

    1    1
  0.22687874  0.00000000    0.00467070  0.00219180    0.00467070  0.00219180
  0.00467070 -0.00219180    0.21949748  0.00000000    0.00541132  0.00000000
  0.00467070 -0.00219180    0.00541132  0.00000000    0.21949748  0.00000000
    1    2
 -0.10334671  0.12548899    0.04302714  0.01672126    0.04302714  0.01672126
  0.04318200  0.01660638   -0.09778125  0.11659139    0.03162949 -0.02193009
  0.04318200  0.01660638    0.03162949 -0.02193009   -0.09778125  0.11659139
    2    1
 -0.10334671 -0.12548899    0.04318200 -0.01660638    0.04318200 -0.01660638
  0.04302714 -0.01672126   -0.09778125 -0.11659139    0.03162949  0.02193009
  0.04302714 -0.01672126    0.03162949  0.02193009   -0.09778125 -0.11659139
    2    2
  0.22207484  0.00000000    0.00493017 -0.00204437    0.00493017 -0.00204437
  0.00493017  0.00204437    0.21425582  0.00000000    0.00560838  0.00000000
  0.00493017  0.00204437    0.00560838  0.00000000    0.21425582  0.00000000

     Dynamical  Matrix in cartesian axes

     q = (    0.375000000  -0.375000000   0.125000000 ) 

    1    1
  0.21949748  0.00000000   -0.00541132  0.00000000    0.00467070  0.00219180
 -0.00541132  0.00000000    0.21949748  0.00000000   -0.00467070 -0.00219180
  0.00467070 -0.00219180   -0.00467070  0.00219180    0.22687874  0.00000000
    1    2
 -0.09778125 -0.11659139   -0.03162949 -0.02193009    0.04318200 -0.01660638
 -0.03162949 -0.02193009   -0.09778125 -0.11659139   -0.04318200  0.01660638
  0.04302714 -0.01672126   -0.04302714  0.01672126   -0.10334671 -0.12548899
    2    1
 -0.09778125  0.11659139   -0.03162949  0.02193009    0.04302714  0.01672126
 -0.03162949  0.02193009   -0.09778125  0.11659139   -0.04302714 -0.01672126
  0.04318200  0.01660638   -0.04318200 -0.01660638   -0.10334671  0.12548899
    2    2
  0.21425582  0.00000000   -0.00560838  0.00000000    0.00493017 -0.00204437
 -0.00560838  0.00000000    0.21425582  0.00000000   -0.00493017  0.00204437
  0.00493017  0.00204437   -0.00493017 -0.00204437    0.22207484  0.00000000

     Dynamical  Matrix in cartesian axes

     q = (   -0.375000000   0.375000000  -0.125000000 ) 

    1    1
  0.21949748  0.00000000   -0.00541132  0.00000000    0.00467070 -0.00219180
 -0.00541132  0.00000000    0.21949748  0.00000000   -0.00467070  0.00219180
  0.00467070  0.00219180   -0.00467070 -0.00219180    0.22687874  0.00000000
    1    2
 -0.09778125  0.11659139   -0.03162949  0.02193009    0.04318200  0.01660638
 -0.03162949  0.02193009   -0.09778125  0.11659139   -0.04318200 -0.01660638
  0.04302714  0.01672126   -0.04302714 -0.01672126   -0.10334671  0.12548899
    2    1
 -0.09778125 -0.11659139   -0.03162949 -0.02193009    0.04302714 -0.01672126
 -0.03162949 -0.02193009   -0.09778125 -0.11659139   -0.04302714  0.01672126
  0.04318200 -0.01660638   -0.04318200  0.01660638   -0.10334671 -0.12548899
    2    2
  0.21425582  0.00000000   -0.00560838  0.00000000    0.00493017  0.00204437
 -0.00560838  0.00000000    0.21425582  0.00000000   -0.00493017 -0.00204437
  0.00493017 -0.00204437   -0.00493017  0.00204437    0.22207484  0.00000000

     Diagonalizing the dynamical matrix

     q = (    0.375000000  -0.125000000   0.375000000 ) 

 **************************************************************************
     freq (    1) =       1.886957 [THz] =      62.942102 [cm-1]
 ( -0.496114 -0.016870 -0.000000  0.000000  0.496114  0.016870 ) 
 ( -0.503573 -0.000000 -0.000000 -0.000000  0.503573  0.000000 ) 
     freq (    2) =       2.523031 [THz] =      84.159264 [cm-1]
 (  0.169367 -0.133393  0.591021 -0.224906  0.169367 -0.133393 ) 
 (  0.219335  0.000000  0.611134 -0.193529  0.219335  0.000000 ) 
     freq (    3) =       4.090897 [THz] =     136.457636 [cm-1]
 (  0.405875  0.180775 -0.226598 -0.210693  0.405875  0.180775 ) 
 (  0.453084  0.000000 -0.296811  0.103761  0.453084  0.000000 ) 
     freq (    4) =       7.552031 [THz] =     251.908631 [cm-1]
 (  0.462330  0.150161 -0.086498 -0.171813  0.462330  0.150161 ) 
 ( -0.477719  0.000000  0.131831 -0.128814 -0.477719  0.000000 ) 
     freq (    5) =       8.095963 [THz] =     270.052265 [cm-1]
 ( -0.503282 -0.017114  0.000000 -0.000000  0.503282  0.017114 ) 
 (  0.496401 -0.000000 -0.000000  0.000000 -0.496401  0.000000 ) 
     freq (    6) =       8.121898 [THz] =     270.917366 [cm-1]
 (  0.001326 -0.140737  0.503519 -0.462429  0.001326 -0.140737 ) 
 ( -0.135617  0.000000 -0.467605  0.487414 -0.135617  0.000000 ) 
 **************************************************************************
