Dynamical matrix file
YOU NEED TO PUT HERE SOME TITLE :)                                         
  1    2  2 11.0000000  0.0000000  0.0000000  0.0000000  0.0000000  0.0000000
           1  'Ge  '    66207.3097484883     
    1    1      0.0000000000      0.0000000000      0.0000000000
    2    1     -0.2500000000      0.2500000000      0.2500000000

     Dynamical  Matrix in cartesian axes

     q = (    0.625000000  -0.125000000   0.625000000 ) 

    1    1
  0.20106332  0.00000000   -0.00342898 -0.00659595    0.00196475  0.00000000
 -0.00342898  0.00659595    0.23412452  0.00000000   -0.00342898  0.00659595
  0.00196475  0.00000000   -0.00342898 -0.00659595    0.20106332  0.00000000
    1    2
 -0.07830725  0.00998274   -0.02013599  0.04353066    0.08734790  0.00940197
 -0.02010144  0.04341267   -0.10339512  0.00556542   -0.02010144  0.04341267
  0.08734790  0.00940197   -0.02013599  0.04353066   -0.07830725  0.00998274
    2    1
 -0.07830725 -0.00998274   -0.02010144 -0.04341267    0.08734790 -0.00940197
 -0.02013599 -0.04353066   -0.10339512 -0.00556542   -0.02013599 -0.04353066
  0.08734790 -0.00940197   -0.02010144 -0.04341267   -0.07830725 -0.00998274
    2    2
  0.19612586  0.00000000   -0.00373359  0.00654582    0.00261885  0.00000000
 -0.00373359 -0.00654582    0.22938226  0.00000000   -0.00373359 -0.00654582
  0.00261885  0.00000000   -0.00373359  0.00654582    0.19612586  0.00000000

     Dynamical  Matrix in cartesian axes

     q = (   -0.625000000   0.125000000  -0.625000000 ) 

    1    1
  0.20106332  0.00000000   -0.00342898  0.00659595    0.00196475  0.00000000
 -0.00342898 -0.00659595    0.23412452  0.00000000   -0.00342898 -0.00659595
  0.00196475  0.00000000   -0.00342898  0.00659595    0.20106332  0.00000000
    1    2
 -0.07830725 -0.00998274   -0.02013599 -0.04353066    0.08734790 -0.00940197
 -0.02010144 -0.04341267   -0.10339512 -0.00556542   -0.02010144 -0.04341267
  0.08734790 -0.00940197   -0.02013599 -0.04353066   -0.07830725 -0.00998274
    2    1
 -0.07830725  0.00998274   -0.02010144  0.04341267    0.08734790  0.00940197
 -0.02013599  0.04353066   -0.10339512  0.00556542   -0.02013599  0.04353066
  0.08734790  0.00940197   -0.02010144  0.04341267   -0.07830725  0.00998274
    2    2
  0.19612586  0.00000000   -0.00373359 -0.00654582    0.00261885  0.00000000
 -0.00373359  0.00654582    0.22938226  0.00000000   -0.00373359  0.00654582
  0.00261885  0.00000000   -0.00373359 -0.00654582    0.19612586  0.00000000

     Dynamical  Matrix in cartesian axes

     q = (   -0.625000000  -0.125000000  -0.625000000 ) 

    1    1
  0.20106332  0.00000000    0.00342898  0.00659595    0.00196475  0.00000000
  0.00342898 -0.00659595    0.23412452  0.00000000    0.00342898 -0.00659595
  0.00196475  0.00000000    0.00342898  0.00659595    0.20106332  0.00000000
    1    2
 -0.07830725  0.00998274    0.02013599 -0.04353066    0.08734790  0.00940197
  0.02010144 -0.04341267   -0.10339512  0.00556542    0.02010144 -0.04341267
  0.08734790  0.00940197    0.02013599 -0.04353066   -0.07830725  0.00998274
    2    1
 -0.07830725 -0.00998274    0.02010144  0.04341267    0.08734790 -0.00940197
  0.02013599  0.04353066   -0.10339512 -0.00556542    0.02013599  0.04353066
  0.08734790 -0.00940197    0.02010144  0.04341267   -0.07830725 -0.00998274
    2    2
  0.19612586  0.00000000    0.00373359 -0.00654582    0.00261885  0.00000000
  0.00373359  0.00654582    0.22938226  0.00000000    0.00373359  0.00654582
  0.00261885  0.00000000    0.00373359 -0.00654582    0.19612586  0.00000000

     Dynamical  Matrix in cartesian axes

     q = (    0.625000000   0.125000000   0.625000000 ) 

    1    1
  0.20106332  0.00000000    0.00342898 -0.00659595    0.00196475  0.00000000
  0.00342898  0.00659595    0.23412452  0.00000000    0.00342898  0.00659595
  0.00196475  0.00000000    0.00342898 -0.00659595    0.20106332  0.00000000
    1    2
 -0.07830725 -0.00998274    0.02013599  0.04353066    0.08734790 -0.00940197
  0.02010144  0.04341267   -0.10339512 -0.00556542    0.02010144  0.04341267
  0.08734790 -0.00940197    0.02013599  0.04353066   -0.07830725 -0.00998274
    2    1
 -0.07830725  0.00998274    0.02010144 -0.04341267    0.08734790  0.00940197
  0.02013599 -0.04353066   -0.10339512  0.00556542    0.02013599 -0.04353066
  0.08734790  0.00940197    0.02010144 -0.04341267   -0.07830725  0.00998274
    2    2
  0.19612586  0.00000000    0.00373359  0.00654582    0.00261885  0.00000000
  0.00373359 -0.00654582    0.22938226  0.00000000    0.00373359 -0.00654582
  0.00261885  0.00000000    0.00373359  0.00654582    0.19612586  0.00000000

     Dynamical  Matrix in cartesian axes

     q = (    0.125000000  -0.625000000   0.625000000 ) 

    1    1
  0.23412452  0.00000000   -0.00342898  0.00659595    0.00342898 -0.00659595
 -0.00342898 -0.00659595    0.20106332  0.00000000   -0.00196475  0.00000000
  0.00342898  0.00659595   -0.00196475  0.00000000    0.20106332  0.00000000
    1    2
 -0.10339512  0.00556542   -0.02010144  0.04341267    0.02010144 -0.04341267
 -0.02013599  0.04353066   -0.07830725  0.00998274   -0.08734790 -0.00940197
  0.02013599 -0.04353066   -0.08734790 -0.00940197   -0.07830725  0.00998274
    2    1
 -0.10339512 -0.00556542   -0.02013599 -0.04353066    0.02013599  0.04353066
 -0.02010144 -0.04341267   -0.07830725 -0.00998274   -0.08734790  0.00940197
  0.02010144  0.04341267   -0.08734790  0.00940197   -0.07830725 -0.00998274
    2    2
  0.22938226  0.00000000   -0.00373359 -0.00654582    0.00373359  0.00654582
 -0.00373359  0.00654582    0.19612586  0.00000000   -0.00261885  0.00000000
  0.00373359 -0.00654582   -0.00261885  0.00000000    0.19612586  0.00000000

     Dynamical  Matrix in cartesian axes

     q = (   -0.125000000   0.625000000  -0.625000000 ) 

    1    1
  0.23412452  0.00000000   -0.00342898 -0.00659595    0.00342898  0.00659595
 -0.00342898  0.00659595    0.20106332  0.00000000   -0.00196475  0.00000000
  0.00342898 -0.00659595   -0.00196475  0.00000000    0.20106332  0.00000000
    1    2
 -0.10339512 -0.00556542   -0.02010144 -0.04341267    0.02010144  0.04341267
 -0.02013599 -0.04353066   -0.07830725 -0.00998274   -0.08734790  0.00940197
  0.02013599  0.04353066   -0.08734790  0.00940197   -0.07830725 -0.00998274
    2    1
 -0.10339512  0.00556542   -0.02013599  0.04353066    0.02013599 -0.04353066
 -0.02010144  0.04341267   -0.07830725  0.00998274   -0.08734790 -0.00940197
  0.02010144 -0.04341267   -0.08734790 -0.00940197   -0.07830725  0.00998274
    2    2
  0.22938226  0.00000000   -0.00373359  0.00654582    0.00373359 -0.00654582
 -0.00373359 -0.00654582    0.19612586  0.00000000   -0.00261885  0.00000000
  0.00373359  0.00654582   -0.00261885  0.00000000    0.19612586  0.00000000

     Dynamical  Matrix in cartesian axes

     q = (   -0.625000000   0.125000000   0.625000000 ) 

    1    1
  0.20106332  0.00000000   -0.00342898 -0.00659595   -0.00196475  0.00000000
 -0.00342898  0.00659595    0.23412452  0.00000000    0.00342898 -0.00659595
 -0.00196475  0.00000000    0.00342898  0.00659595    0.20106332  0.00000000
    1    2
  0.06243045  0.04831272    0.04501912 -0.01654253    0.05511610  0.06841249
  0.04491126 -0.01648353    0.07704674  0.06917604   -0.04491126  0.01648353
  0.05511610  0.06841249   -0.04501912  0.01654253    0.06243045  0.04831272
    2    1
  0.06243045 -0.04831272    0.04491126  0.01648353    0.05511610 -0.06841249
  0.04501912  0.01654253    0.07704674 -0.06917604   -0.04501912 -0.01654253
  0.05511610 -0.06841249   -0.04491126 -0.01648353    0.06243045 -0.04831272
    2    2
  0.19612586  0.00000000   -0.00373359  0.00654582   -0.00261885  0.00000000
 -0.00373359 -0.00654582    0.22938226  0.00000000    0.00373359  0.00654582
 -0.00261885  0.00000000    0.00373359 -0.00654582    0.19612586  0.00000000

     Dynamical  Matrix in cartesian axes

     q = (    0.625000000  -0.125000000  -0.625000000 ) 

    1    1
  0.20106332  0.00000000   -0.00342898  0.00659595   -0.00196475  0.00000000
 -0.00342898 -0.00659595    0.23412452  0.00000000    0.00342898  0.00659595
 -0.00196475  0.00000000    0.00342898 -0.00659595    0.20106332  0.00000000
    1    2
  0.06243045 -0.04831272    0.04501912  0.01654253    0.05511610 -0.06841249
  0.04491126  0.01648353    0.07704674 -0.06917604   -0.04491126 -0.01648353
  0.05511610 -0.06841249   -0.04501912 -0.01654253    0.06243045 -0.04831272
    2    1
  0.06243045  0.04831272    0.04491126 -0.01648353    0.05511610  0.06841249
  0.04501912 -0.01654253    0.07704674  0.06917604   -0.04501912  0.01654253
  0.05511610  0.06841249   -0.04491126  0.01648353    0.06243045  0.04831272
    2    2
  0.19612586  0.00000000   -0.00373359 -0.00654582   -0.00261885  0.00000000
 -0.00373359  0.00654582    0.22938226  0.00000000    0.00373359 -0.00654582
 -0.00261885  0.00000000    0.00373359  0.00654582    0.19612586  0.00000000

     Dynamical  Matrix in cartesian axes

     q = (    0.625000000   0.125000000  -0.625000000 ) 

    1    1
  0.20106332  0.00000000    0.00342898  0.00659595   -0.00196475  0.00000000
  0.00342898 -0.00659595    0.23412452  0.00000000   -0.00342898  0.00659595
 -0.00196475  0.00000000   -0.00342898 -0.00659595    0.20106332  0.00000000
    1    2
 -0.00998274 -0.07830725    0.04353066  0.02013599    0.00940197 -0.08734790
  0.04341267  0.02010144   -0.00556542 -0.10339512   -0.04341267 -0.02010144
  0.00940197 -0.08734790   -0.04353066 -0.02013599   -0.00998274 -0.07830725
    2    1
 -0.00998274  0.07830725    0.04341267 -0.02010144    0.00940197  0.08734790
  0.04353066 -0.02013599   -0.00556542  0.10339512   -0.04353066  0.02013599
  0.00940197  0.08734790   -0.04341267  0.02010144   -0.00998274  0.07830725
    2    2
  0.19612586  0.00000000    0.00373359 -0.00654582   -0.00261885  0.00000000
  0.00373359  0.00654582    0.22938226  0.00000000   -0.00373359 -0.00654582
 -0.00261885  0.00000000   -0.00373359  0.00654582    0.19612586  0.00000000

     Dynamical  Matrix in cartesian axes

     q = (   -0.625000000  -0.125000000   0.625000000 ) 

    1    1
  0.20106332  0.00000000    0.00342898 -0.00659595   -0.00196475  0.00000000
  0.00342898  0.00659595    0.23412452  0.00000000   -0.00342898 -0.00659595
 -0.00196475  0.00000000   -0.00342898  0.00659595    0.20106332  0.00000000
    1    2
 -0.00998274  0.07830725    0.04353066 -0.02013599    0.00940197  0.08734790
  0.04341267 -0.02010144   -0.00556542  0.10339512   -0.04341267  0.02010144
  0.00940197  0.08734790   -0.04353066  0.02013599   -0.00998274  0.07830725
    2    1
 -0.00998274 -0.07830725    0.04341267  0.02010144    0.00940197 -0.08734790
  0.04353066  0.02013599   -0.00556542 -0.10339512   -0.04353066 -0.02013599
  0.00940197 -0.08734790   -0.04341267 -0.02010144   -0.00998274 -0.07830725
    2    2
  0.19612586  0.00000000    0.00373359  0.00654582   -0.00261885  0.00000000
  0.00373359 -0.00654582    0.22938226  0.00000000   -0.00373359  0.00654582
 -0.00261885  0.00000000   -0.00373359 -0.00654582    0.19612586  0.00000000

     Dynamical  Matrix in cartesian axes

     q = (    0.625000000   0.625000000  -0.125000000 ) 

    1    1
  0.20106332  0.00000000    0.00196475  0.00000000   -0.00342898 -0.00659595
  0.00196475  0.00000000    0.20106332  0.00000000   -0.00342898 -0.00659595
 -0.00342898  0.00659595   -0.00342898  0.00659595    0.23412452  0.00000000
    1    2
 -0.07830725  0.00998274    0.08734790  0.00940197   -0.02013599  0.04353066
  0.08734790  0.00940197   -0.07830725  0.00998274   -0.02013599  0.04353066
 -0.02010144  0.04341267   -0.02010144  0.04341267   -0.10339512  0.00556542
    2    1
 -0.07830725 -0.00998274    0.08734790 -0.00940197   -0.02010144 -0.04341267
  0.08734790 -0.00940197   -0.07830725 -0.00998274   -0.02010144 -0.04341267
 -0.02013599 -0.04353066   -0.02013599 -0.04353066   -0.10339512 -0.00556542
    2    2
  0.19612586  0.00000000    0.00261885  0.00000000   -0.00373359  0.00654582
  0.00261885  0.00000000    0.19612586  0.00000000   -0.00373359  0.00654582
 -0.00373359 -0.00654582   -0.00373359 -0.00654582    0.22938226  0.00000000

     Dynamical  Matrix in cartesian axes

     q = (   -0.625000000  -0.625000000   0.125000000 ) 

    1    1
  0.20106332  0.00000000    0.00196475  0.00000000   -0.00342898  0.00659595
  0.00196475  0.00000000    0.20106332  0.00000000   -0.00342898  0.00659595
 -0.00342898 -0.00659595   -0.00342898 -0.00659595    0.23412452  0.00000000
    1    2
 -0.07830725 -0.00998274    0.08734790 -0.00940197   -0.02013599 -0.04353066
  0.08734790 -0.00940197   -0.07830725 -0.00998274   -0.02013599 -0.04353066
 -0.02010144 -0.04341267   -0.02010144 -0.04341267   -0.10339512 -0.00556542
    2    1
 -0.07830725  0.00998274    0.08734790  0.00940197   -0.02010144  0.04341267
  0.08734790  0.00940197   -0.07830725  0.00998274   -0.02010144  0.04341267
 -0.02013599  0.04353066   -0.02013599  0.04353066   -0.10339512  0.00556542
    2    2
  0.19612586  0.00000000    0.00261885  0.00000000   -0.00373359 -0.00654582
  0.00261885  0.00000000    0.19612586  0.00000000   -0.00373359 -0.00654582
 -0.00373359  0.00654582   -0.00373359  0.00654582    0.22938226  0.00000000

     Dynamical  Matrix in cartesian axes

     q = (   -0.625000000  -0.625000000  -0.125000000 ) 

    1    1
  0.20106332  0.00000000    0.00196475  0.00000000    0.00342898  0.00659595
  0.00196475  0.00000000    0.20106332  0.00000000    0.00342898  0.00659595
  0.00342898 -0.00659595    0.00342898 -0.00659595    0.23412452  0.00000000
    1    2
 -0.07830725  0.00998274    0.08734790  0.00940197    0.02013599 -0.04353066
  0.08734790  0.00940197   -0.07830725  0.00998274    0.02013599 -0.04353066
  0.02010144 -0.04341267    0.02010144 -0.04341267   -0.10339512  0.00556542
    2    1
 -0.07830725 -0.00998274    0.08734790 -0.00940197    0.02010144  0.04341267
  0.08734790 -0.00940197   -0.07830725 -0.00998274    0.02010144  0.04341267
  0.02013599  0.04353066    0.02013599  0.04353066   -0.10339512 -0.00556542
    2    2
  0.19612586  0.00000000    0.00261885  0.00000000    0.00373359 -0.00654582
  0.00261885  0.00000000    0.19612586  0.00000000    0.00373359 -0.00654582
  0.00373359  0.00654582    0.00373359  0.00654582    0.22938226  0.00000000

     Dynamical  Matrix in cartesian axes

     q = (    0.625000000   0.625000000   0.125000000 ) 

    1    1
  0.20106332  0.00000000    0.00196475  0.00000000    0.00342898 -0.00659595
  0.00196475  0.00000000    0.20106332  0.00000000    0.00342898 -0.00659595
  0.00342898  0.00659595    0.00342898  0.00659595    0.23412452  0.00000000
    1    2
 -0.07830725 -0.00998274    0.08734790 -0.00940197    0.02013599  0.04353066
  0.08734790 -0.00940197   -0.07830725 -0.00998274    0.02013599  0.04353066
  0.02010144  0.04341267    0.02010144  0.04341267   -0.10339512 -0.00556542
    2    1
 -0.07830725  0.00998274    0.08734790  0.00940197    0.02010144 -0.04341267
  0.08734790  0.00940197   -0.07830725  0.00998274    0.02010144 -0.04341267
  0.02013599 -0.04353066    0.02013599 -0.04353066   -0.10339512  0.00556542
    2    2
  0.19612586  0.00000000    0.00261885  0.00000000    0.00373359  0.00654582
  0.00261885  0.00000000    0.19612586  0.00000000    0.00373359  0.00654582
  0.00373359 -0.00654582    0.00373359 -0.00654582    0.22938226  0.00000000

     Dynamical  Matrix in cartesian axes

     q = (   -0.625000000   0.625000000   0.125000000 ) 

    1    1
  0.20106332  0.00000000   -0.00196475  0.00000000   -0.00342898 -0.00659595
 -0.00196475  0.00000000    0.20106332  0.00000000    0.00342898  0.00659595
 -0.00342898  0.00659595    0.00342898 -0.00659595    0.23412452  0.00000000
    1    2
  0.06243045  0.04831272    0.05511610  0.06841249    0.04501912 -0.01654253
  0.05511610  0.06841249    0.06243045  0.04831272   -0.04501912  0.01654253
  0.04491126 -0.01648353   -0.04491126  0.01648353    0.07704674  0.06917604
    2    1
  0.06243045 -0.04831272    0.05511610 -0.06841249    0.04491126  0.01648353
  0.05511610 -0.06841249    0.06243045 -0.04831272   -0.04491126 -0.01648353
  0.04501912  0.01654253   -0.04501912 -0.01654253    0.07704674 -0.06917604
    2    2
  0.19612586  0.00000000   -0.00261885  0.00000000   -0.00373359  0.00654582
 -0.00261885  0.00000000    0.19612586  0.00000000    0.00373359 -0.00654582
 -0.00373359 -0.00654582    0.00373359  0.00654582    0.22938226  0.00000000

     Dynamical  Matrix in cartesian axes

     q = (    0.625000000  -0.625000000  -0.125000000 ) 

    1    1
  0.20106332  0.00000000   -0.00196475  0.00000000   -0.00342898  0.00659595
 -0.00196475  0.00000000    0.20106332  0.00000000    0.00342898 -0.00659595
 -0.00342898 -0.00659595    0.00342898  0.00659595    0.23412452  0.00000000
    1    2
  0.06243045 -0.04831272    0.05511610 -0.06841249    0.04501912  0.01654253
  0.05511610 -0.06841249    0.06243045 -0.04831272   -0.04501912 -0.01654253
  0.04491126  0.01648353   -0.04491126 -0.01648353    0.07704674 -0.06917604
    2    1
  0.06243045  0.04831272    0.05511610  0.06841249    0.04491126 -0.01648353
  0.05511610  0.06841249    0.06243045  0.04831272   -0.04491126  0.01648353
  0.04501912 -0.01654253   -0.04501912  0.01654253    0.07704674  0.06917604
    2    2
  0.19612586  0.00000000   -0.00261885  0.00000000   -0.00373359 -0.00654582
 -0.00261885  0.00000000    0.19612586  0.00000000    0.00373359  0.00654582
 -0.00373359  0.00654582    0.00373359 -0.00654582    0.22938226  0.00000000

     Dynamical  Matrix in cartesian axes

     q = (   -0.125000000   0.625000000   0.625000000 ) 

    1    1
  0.23412452  0.00000000   -0.00342898  0.00659595   -0.00342898  0.00659595
 -0.00342898 -0.00659595    0.20106332  0.00000000    0.00196475  0.00000000
 -0.00342898 -0.00659595    0.00196475  0.00000000    0.20106332  0.00000000
    1    2
  0.07704674  0.06917604    0.04491126 -0.01648353    0.04491126 -0.01648353
  0.04501912 -0.01654253    0.06243045  0.04831272   -0.05511610 -0.06841249
  0.04501912 -0.01654253   -0.05511610 -0.06841249    0.06243045  0.04831272
    2    1
  0.07704674 -0.06917604    0.04501912  0.01654253    0.04501912  0.01654253
  0.04491126  0.01648353    0.06243045 -0.04831272   -0.05511610  0.06841249
  0.04491126  0.01648353   -0.05511610  0.06841249    0.06243045 -0.04831272
    2    2
  0.22938226  0.00000000   -0.00373359 -0.00654582   -0.00373359 -0.00654582
 -0.00373359  0.00654582    0.19612586  0.00000000    0.00261885  0.00000000
 -0.00373359  0.00654582    0.00261885  0.00000000    0.19612586  0.00000000

     Dynamical  Matrix in cartesian axes

     q = (    0.125000000  -0.625000000  -0.625000000 ) 

    1    1
  0.23412452  0.00000000   -0.00342898 -0.00659595   -0.00342898 -0.00659595
 -0.00342898  0.00659595    0.20106332  0.00000000    0.00196475  0.00000000
 -0.00342898  0.00659595    0.00196475  0.00000000    0.20106332  0.00000000
    1    2
  0.07704674 -0.06917604    0.04491126  0.01648353    0.04491126  0.01648353
  0.04501912  0.01654253    0.06243045 -0.04831272   -0.05511610  0.06841249
  0.04501912  0.01654253   -0.05511610  0.06841249    0.06243045 -0.04831272
    2    1
  0.07704674  0.06917604    0.04501912 -0.01654253    0.04501912 -0.01654253
  0.04491126 -0.01648353    0.06243045  0.04831272   -0.05511610 -0.06841249
  0.04491126 -0.01648353   -0.05511610 -0.06841249    0.06243045  0.04831272
    2    2
  0.22938226  0.00000000   -0.00373359  0.00654582   -0.00373359  0.00654582
 -0.00373359 -0.00654582    0.19612586  0.00000000    0.00261885  0.00000000
 -0.00373359 -0.00654582    0.00261885  0.00000000    0.19612586  0.00000000

     Dynamical  Matrix in cartesian axes

     q = (    0.125000000   0.625000000  -0.625000000 ) 

    1    1
  0.23412452  0.00000000    0.00342898 -0.00659595   -0.00342898  0.00659595
  0.00342898  0.00659595    0.20106332  0.00000000   -0.00196475  0.00000000
 -0.00342898 -0.00659595   -0.00196475  0.00000000    0.20106332  0.00000000
    1    2
 -0.10339512  0.00556542    0.02010144 -0.04341267   -0.02010144  0.04341267
  0.02013599 -0.04353066   -0.07830725  0.00998274   -0.08734790 -0.00940197
 -0.02013599  0.04353066   -0.08734790 -0.00940197   -0.07830725  0.00998274
    2    1
 -0.10339512 -0.00556542    0.02013599  0.04353066   -0.02013599 -0.04353066
  0.02010144  0.04341267   -0.07830725 -0.00998274   -0.08734790  0.00940197
 -0.02010144 -0.04341267   -0.08734790  0.00940197   -0.07830725 -0.00998274
    2    2
  0.22938226  0.00000000    0.00373359  0.00654582   -0.00373359 -0.00654582
  0.00373359 -0.00654582    0.19612586  0.00000000   -0.00261885  0.00000000
 -0.00373359  0.00654582   -0.00261885  0.00000000    0.19612586  0.00000000

     Dynamical  Matrix in cartesian axes

     q = (   -0.125000000  -0.625000000   0.625000000 ) 

    1    1
  0.23412452  0.00000000    0.00342898  0.00659595   -0.00342898 -0.00659595
  0.00342898 -0.00659595    0.20106332  0.00000000   -0.00196475  0.00000000
 -0.00342898  0.00659595   -0.00196475  0.00000000    0.20106332  0.00000000
    1    2
 -0.10339512 -0.00556542    0.02010144  0.04341267   -0.02010144 -0.04341267
  0.02013599  0.04353066   -0.07830725 -0.00998274   -0.08734790  0.00940197
 -0.02013599 -0.04353066   -0.08734790  0.00940197   -0.07830725 -0.00998274
    2    1
 -0.10339512  0.00556542    0.02013599 -0.04353066   -0.02013599  0.04353066
  0.02010144 -0.04341267   -0.07830725  0.00998274   -0.08734790 -0.00940197
 -0.02010144  0.04341267   -0.08734790 -0.00940197   -0.07830725  0.00998274
    2    2
  0.22938226  0.00000000    0.00373359 -0.00654582   -0.00373359  0.00654582
  0.00373359  0.00654582    0.19612586  0.00000000   -0.00261885  0.00000000
 -0.00373359 -0.00654582   -0.00261885  0.00000000    0.19612586  0.00000000

     Dynamical  Matrix in cartesian axes

     q = (   -0.125000000  -0.625000000  -0.625000000 ) 

    1    1
  0.23412452  0.00000000    0.00342898 -0.00659595    0.00342898 -0.00659595
  0.00342898  0.00659595    0.20106332  0.00000000    0.00196475  0.00000000
  0.00342898  0.00659595    0.00196475  0.00000000    0.20106332  0.00000000
    1    2
 -0.00556542 -0.10339512    0.04341267  0.02010144    0.04341267  0.02010144
  0.04353066  0.02013599   -0.00998274 -0.07830725   -0.00940197  0.08734790
  0.04353066  0.02013599   -0.00940197  0.08734790   -0.00998274 -0.07830725
    2    1
 -0.00556542  0.10339512    0.04353066 -0.02013599    0.04353066 -0.02013599
  0.04341267 -0.02010144   -0.00998274  0.07830725   -0.00940197 -0.08734790
  0.04341267 -0.02010144   -0.00940197 -0.08734790   -0.00998274  0.07830725
    2    2
  0.22938226  0.00000000    0.00373359  0.00654582    0.00373359  0.00654582
  0.00373359 -0.00654582    0.19612586  0.00000000    0.00261885  0.00000000
  0.00373359 -0.00654582    0.00261885  0.00000000    0.19612586  0.00000000

     Dynamical  Matrix in cartesian axes

     q = (    0.125000000   0.625000000   0.625000000 ) 

    1    1
  0.23412452  0.00000000    0.00342898  0.00659595    0.00342898  0.00659595
  0.00342898 -0.00659595    0.20106332  0.00000000    0.00196475  0.00000000
  0.00342898 -0.00659595    0.00196475  0.00000000    0.20106332  0.00000000
    1    2
 -0.00556542  0.10339512    0.04341267 -0.02010144    0.04341267 -0.02010144
  0.04353066 -0.02013599   -0.00998274  0.07830725   -0.00940197 -0.08734790
  0.04353066 -0.02013599   -0.00940197 -0.08734790   -0.00998274  0.07830725
    2    1
 -0.00556542 -0.10339512    0.04353066  0.02013599    0.04353066  0.02013599
  0.04341267  0.02010144   -0.00998274 -0.07830725   -0.00940197  0.08734790
  0.04341267  0.02010144   -0.00940197  0.08734790   -0.00998274 -0.07830725
    2    2
  0.22938226  0.00000000    0.00373359 -0.00654582    0.00373359 -0.00654582
  0.00373359  0.00654582    0.19612586  0.00000000    0.00261885  0.00000000
  0.00373359  0.00654582    0.00261885  0.00000000    0.19612586  0.00000000

     Dynamical  Matrix in cartesian axes

     q = (    0.625000000  -0.625000000   0.125000000 ) 

    1    1
  0.20106332  0.00000000   -0.00196475  0.00000000    0.00342898  0.00659595
 -0.00196475  0.00000000    0.20106332  0.00000000   -0.00342898 -0.00659595
  0.00342898 -0.00659595   -0.00342898  0.00659595    0.23412452  0.00000000
    1    2
 -0.00998274 -0.07830725    0.00940197 -0.08734790    0.04353066  0.02013599
  0.00940197 -0.08734790   -0.00998274 -0.07830725   -0.04353066 -0.02013599
  0.04341267  0.02010144   -0.04341267 -0.02010144   -0.00556542 -0.10339512
    2    1
 -0.00998274  0.07830725    0.00940197  0.08734790    0.04341267 -0.02010144
  0.00940197  0.08734790   -0.00998274  0.07830725   -0.04341267  0.02010144
  0.04353066 -0.02013599   -0.04353066  0.02013599   -0.00556542  0.10339512
    2    2
  0.19612586  0.00000000   -0.00261885  0.00000000    0.00373359 -0.00654582
 -0.00261885  0.00000000    0.19612586  0.00000000   -0.00373359  0.00654582
  0.00373359  0.00654582   -0.00373359 -0.00654582    0.22938226  0.00000000

     Dynamical  Matrix in cartesian axes

     q = (   -0.625000000   0.625000000  -0.125000000 ) 

    1    1
  0.20106332  0.00000000   -0.00196475  0.00000000    0.00342898 -0.00659595
 -0.00196475  0.00000000    0.20106332  0.00000000   -0.00342898  0.00659595
  0.00342898  0.00659595   -0.00342898 -0.00659595    0.23412452  0.00000000
    1    2
 -0.00998274  0.07830725    0.00940197  0.08734790    0.04353066 -0.02013599
  0.00940197  0.08734790   -0.00998274  0.07830725   -0.04353066  0.02013599
  0.04341267 -0.02010144   -0.04341267  0.02010144   -0.00556542  0.10339512
    2    1
 -0.00998274 -0.07830725    0.00940197 -0.08734790    0.04341267  0.02010144
  0.00940197 -0.08734790   -0.00998274 -0.07830725   -0.04341267 -0.02010144
  0.04353066  0.02013599   -0.04353066 -0.02013599   -0.00556542 -0.10339512
    2    2
  0.19612586  0.00000000   -0.00261885  0.00000000    0.00373359  0.00654582
 -0.00261885  0.00000000    0.19612586  0.00000000   -0.00373359 -0.00654582
  0.00373359 -0.00654582   -0.00373359  0.00654582    0.22938226  0.00000000

     Diagonalizing the dynamical matrix

     q = (    0.625000000  -0.125000000   0.625000000 ) 

 **************************************************************************
     freq (    1) =       2.237413 [THz] =      74.632064 [cm-1]
 ( -0.495760  0.001738  0.000000  0.000000  0.495760 -0.001738 ) 
 ( -0.504201  0.000000  0.000000 -0.000000  0.504201  0.000000 ) 
     freq (    2) =       3.744286 [THz] =     124.895951 [cm-1]
 (  0.081445  0.265422 -0.306401  0.492862  0.081445  0.265422 ) 
 ( -0.283372  0.000000 -0.392475  0.440914 -0.283372  0.000000 ) 
     freq (    3) =       5.522507 [THz] =     184.211012 [cm-1]
 ( -0.248625 -0.337948 -0.039835  0.297807 -0.248625 -0.337948 ) 
 ( -0.467895 -0.000000  0.236806 -0.252484 -0.467895  0.000000 ) 
     freq (    4) =       6.012348 [THz] =     200.550331 [cm-1]
 (  0.330628  0.296684  0.139066 -0.379619  0.330628  0.296684 ) 
 ( -0.390765 -0.000000  0.128286 -0.346448 -0.390765  0.000000 ) 
     freq (    5) =       7.692471 [THz] =     256.593223 [cm-1]
 (  0.504198 -0.001768  0.000000  0.000000 -0.504198  0.001768 ) 
 ( -0.495763 -0.000000 -0.000000 -0.000000  0.495763  0.000000 ) 
     freq (    6) =       7.796354 [THz] =     260.058377 [cm-1]
 (  0.163940  0.150606 -0.233152  0.595919  0.163940  0.150606 ) 
 (  0.219265  0.000000  0.226728 -0.586382  0.219265  0.000000 ) 
 **************************************************************************
