Dynamical matrix file
YOU NEED TO PUT HERE SOME TITLE :)                                         
  1    2  2 11.0000000  0.0000000  0.0000000  0.0000000  0.0000000  0.0000000
           1  'Ge  '    66207.3097484883     
    1    1      0.0000000000      0.0000000000      0.0000000000
    2    1     -0.2500000000      0.2500000000      0.2500000000

     Dynamical  Matrix in cartesian axes

     q = (    0.000000000  -1.000000000   0.000000000 ) 

    1    1
  0.19003674  0.00000000   -0.00000000  0.00000000    0.00000000  0.00000000
 -0.00000000  0.00000000    0.26729332  0.00000000   -0.00000000  0.00000000
  0.00000000  0.00000000   -0.00000000  0.00000000    0.19003674  0.00000000
    1    2
 -0.00000000 -0.00000000    0.00000000 -0.00000000    0.11946408 -0.00000000
 -0.00000000 -0.00000000    0.00000000 -0.00000000    0.00000000 -0.00000000
  0.11946408 -0.00000000    0.00000000 -0.00000000   -0.00000000  0.00000000
    2    1
 -0.00000000  0.00000000    0.00000000  0.00000000    0.11946408  0.00000000
 -0.00000000  0.00000000    0.00000000  0.00000000   -0.00000000 -0.00000000
  0.11946408  0.00000000    0.00000000 -0.00000000   -0.00000000  0.00000000
    2    2
  0.18556974  0.00000000    0.00000000  0.00000000    0.00000000  0.00000000
  0.00000000  0.00000000    0.26305075  0.00000000    0.00000000  0.00000000
  0.00000000  0.00000000    0.00000000  0.00000000    0.18556974  0.00000000

     Dynamical  Matrix in cartesian axes

     q = (    0.000000000   0.000000000  -1.000000000 ) 

    1    1
  0.19003674  0.00000000    0.00000000  0.00000000   -0.00000000  0.00000000
  0.00000000  0.00000000    0.19003674  0.00000000    0.00000000  0.00000000
  0.00000000  0.00000000   -0.00000000  0.00000000    0.26729332  0.00000000
    1    2
  0.00000000 -0.00000000    0.11946408 -0.00000000   -0.00000000  0.00000000
  0.11946408 -0.00000000   -0.00000000 -0.00000000    0.00000000  0.00000000
  0.00000000  0.00000000    0.00000000  0.00000000    0.00000000 -0.00000000
    2    1
 -0.00000000  0.00000000    0.11946408  0.00000000   -0.00000000  0.00000000
  0.11946408  0.00000000   -0.00000000  0.00000000    0.00000000 -0.00000000
 -0.00000000  0.00000000   -0.00000000 -0.00000000   -0.00000000  0.00000000
    2    2
  0.18556974  0.00000000    0.00000000  0.00000000   -0.00000000  0.00000000
  0.00000000  0.00000000    0.18556974  0.00000000    0.00000000  0.00000000
 -0.00000000  0.00000000   -0.00000000  0.00000000    0.26305075  0.00000000

     Dynamical  Matrix in cartesian axes

     q = (   -1.000000000   0.000000000   0.000000000 ) 

    1    1
  0.26729332  0.00000000   -0.00000000  0.00000000   -0.00000000  0.00000000
 -0.00000000  0.00000000    0.19003674  0.00000000   -0.00000000  0.00000000
  0.00000000  0.00000000   -0.00000000  0.00000000    0.19003674  0.00000000
    1    2
  0.00000000  0.00000000    0.00000000 -0.00000000    0.00000000  0.00000000
  0.00000000  0.00000000   -0.00000000  0.00000000   -0.11946408 -0.00000000
  0.00000000  0.00000000   -0.11946408 -0.00000000    0.00000000  0.00000000
    2    1
  0.00000000 -0.00000000    0.00000000 -0.00000000    0.00000000 -0.00000000
  0.00000000 -0.00000000   -0.00000000 -0.00000000   -0.11946408  0.00000000
  0.00000000 -0.00000000   -0.11946408  0.00000000    0.00000000 -0.00000000
    2    2
  0.26305075  0.00000000    0.00000000  0.00000000    0.00000000  0.00000000
 -0.00000000  0.00000000    0.18556974  0.00000000   -0.00000000  0.00000000
  0.00000000  0.00000000    0.00000000  0.00000000    0.18556974  0.00000000

     Diagonalizing the dynamical matrix

     q = (    0.000000000  -1.000000000   0.000000000 ) 

 **************************************************************************
     freq (    1) =       3.341877 [THz] =     111.473033 [cm-1]
 (  0.048580  0.000000 -0.000000  0.000000 -0.698780  0.000000 ) 
 (  0.711967  0.000000 -0.000000  0.000000 -0.049496  0.000000 ) 
     freq (    2) =       3.341877 [THz] =     111.473033 [cm-1]
 ( -0.698780  0.000000 -0.000000  0.000000 -0.048580  0.000000 ) 
 (  0.049496  0.000000  0.000000  0.000000  0.711967  0.000000 ) 
     freq (    3) =       6.557553 [THz] =     218.736436 [cm-1]
 ( -0.000000  0.000000 -0.000000  0.000000  0.000000  0.000000 ) 
 (  0.000000  0.000000 -1.000000  0.000000 -0.000000  0.000000 ) 
     freq (    4) =       6.610223 [THz] =     220.493310 [cm-1]
 ( -0.000000  0.000000 -1.000000  0.000000  0.000000  0.000000 ) 
 (  0.000000  0.000000  0.000000  0.000000 -0.000000  0.000000 ) 
     freq (    5) =       7.087532 [THz] =     236.414605 [cm-1]
 ( -0.690987  0.000000  0.000000  0.000000 -0.178560  0.000000 ) 
 ( -0.175253  0.000000 -0.000000  0.000000 -0.678189  0.000000 ) 
     freq (    6) =       7.087532 [THz] =     236.414605 [cm-1]
 ( -0.178560  0.000000  0.000000  0.000000  0.690987  0.000000 ) 
 (  0.678189  0.000000  0.000000  0.000000 -0.175253  0.000000 ) 
 **************************************************************************
